$GNRMC,092535.00,A,3000.00846756,N,14959.99340392,E,0.007,76.9,210626,1.2,E,D,C*76
$GNGGA,092535.00,3000.00846756,N,14959.99340392,E,2,28,0.5,2883.7734,M,-39.9013,M,2.0,144*73
$GNGSA,M,3,08,10,18,23,24,27,32,,,,,,1.1,0.5,1.0,1*3A
$GNGSA,M,3,68,69,70,85,,,,,,,,,1.1,0.5,1.0,2*31
$GNGSA,M,3,03,05,08,13,34,,,,,,,,1.1,0.5,1.0,3*30
$GNGSA,M,3,02,03,06,07,09,11,25,27,29,30,32,41,1.1,0.5,1.0,4*3B
$GPGSV,2,1,08,24,31,060,37,18,25,147,40,02,16,316,30,32,51,229,38,1*64
$GPGSV,2,2,08,10,70,343,43,27,26,251,30,08,22,288,32,23,54,071,42,1*66
$GPGSV,2,1,06,24,31,060,37,18,25,147,30,32,51,229,33,10,70,343,42,4*65
$GPGSV,2,2,06,08,22,288,34,23,54,071,33,4*6C
$GPGSV,2,1,07,24,31,060,38,18,25,147,35,32,51,229,30,10,70,343,40,6*6D
$GPGSV,2,2,07,27,26,251,29,08,22,288,36,23,54,071,38,6*5A
$GPGSV,2,1,07,24,31,060,45,18,25,147,43,32,51,229,35,10,70,343,43,8*6E
$GPGSV,2,2,07,27,26,251,32,08,22,288,41,23,54,071,43,8*52
$GPGSV,1,1,02,18,25,147,40,23,54,071,42,9*66
$GLGSV,2,1,07,68,32,041,37,78,12,070,33,69,69,331,41,83,29,168,35,1*74
$GLGSV,2,2,07,70,33,253,32,85,38,322,41,84,73,243,37,1*44
$GLGSV,2,1,07,68,32,041,43,78,12,070,39,69,69,331,43,83,29,168,42,3*7D
$GLGSV,2,2,07,70,33,253,37,85,38,322,40,84,73,243,41,3*43
$GLGSV,2,1,05,68,32,041,40,69,69,331,43,83,29,168,42,85,38,322,39,5*74
$GLGSV,2,2,05,84,73,243,38,5*4F
$GBGSV,1,1,02,B*07
$GBGSV,5,1,18,67,43,175,38,65,10,109,32,02,43,175,39,03,32,134,33,1*76
$GBGSV,5,2,18,01,,,34,27,27,179,40,07,36,124,40,06,40,073,40,1*46
$GBGSV,5,3,18,09,63,042,41,32,74,308,44,30,53,251,36,41,36,057,37,1*7F
$GBGSV,5,4,18,11,42,294,41,20,22,256,24,29,25,311,37,10,28,135,37,1*74
$GBGSV,5,5,18,25,16,077,35,23,10,123,30,1*7A
$GBGSV,3,1,10,27,27,179,37,07,36,124,38,06,40,073,37,32,74,308,43,3*7E
$GBGSV,3,2,10,30,53,251,29,41,36,057,35,11,42,294,38,20,22,256,22,3*79
$GBGSV,3,3,10,29,25,311,33,25,16,077,35,3*7C
$GBGSV,3,1,11,27,27,179,38,07,36,124,39,06,40,073,39,32,74,308,43,5*79
$GBGSV,3,2,11,30,53,251,37,41,36,057,42,11,42,294,43,20,22,256,26,5*79
$GBGSV,3,3,11,29,25,311,34,25,16,077,39,23,10,123,39,5*4A
$GBGSV,3,1,12,02,43,175,46,03,32,134,38,27,27,179,40,07,36,124,43,6*72
$GBGSV,3,2,12,06,40,073,38,32,74,308,44,30,53,251,39,41,36,057,43,6*7B
$GBGSV,3,3,12,11,42,294,45,29,25,311,37,25,16,077,43,23,10,123,40,6*72
$GBGSV,4,1,16,02,43,175,44,03,32,134,41,01,,,35,27,27,179,42,8*44
$GBGSV,4,2,16,07,36,124,44,06,40,073,41,09,63,042,39,32,74,308,45,8*70
$GBGSV,4,3,16,30,53,251,38,41,36,057,43,11,42,294,45,20,22,256,25,8*7E
$GBGSV,4,4,16,29,25,311,37,10,28,135,31,25,16,077,43,23,10,123,38,8*71
$GBGSV,1,1,02,09,63,042,41,10,28,135,30,B*07
$GAGSV,2,1,06,34,25,135,38,08,49,212,41,05,20,046,44,32,,,44,1*49
$GAGSV,2,2,06,03,71,067,42,13,43,312,41,1*71
$GAGSV,2,1,06,34,25,135,37,08,49,212,43,05,20,046,42,32,,,46,2*43
$GAGSV,2,2,06,03,71,067,44,13,43,312,42,2*77
$GAGSV,2,1,06,34,25,135,31,08,49,212,42,05,20,046,41,32,,,44,5*42
$GAGSV,2,2,06,03,71,067,43,13,43,312,40,5*75
$GAGSV,2,1,06,34,25,135,38,08,49,212,40,05,20,046,30,32,,,41,7*48
$GAGSV,2,2,06,03,71,067,40,13,43,312,40,7*74
$GQGSV,1,1,03,03,11,128,27,07,19,119,28,55,38,160,37,1*5F
$GQGSV,1,1,02,03,11,128,39,07,19,119,36,6*61
$GQGSV,1,1,02,03,11,128,40,07,19,119,39,8*6E
$GIGSV,2,1,07,09,48,225,37,05,,,41,02,14,206,20,10,16,119,42,1*45
$GIGSV,2,2,07,01,,,37,07,,,38,03,,,43,1*77
$GIGSV,1,1,03,41,40,171,37,45,37,156,34,40,36,211,36,5*4E
#PPPNAVA,95,GPS,FINE,2424,33953000,0,0,18,24;SOL_COMPUTED,PPP_CONVERGING,30.00015158051,149.99986840482,2884.1053,-39.9014,WGS84,1.6993,1.3463,2.3472,"9901",3.000,0.000,46,34,34,34,1,00,03,ff*8fbd139b
$GNRMC,092536.00,A,3000.01057544,N,15000.00204871,E,0.009,84.5,210626,1.2,E,D,C*71
$GNGGA,092536.00,3000.01057544,N,15000.00204871,E,2,28,0.5,2883.7778,M,-39.9013,M,2.0,144*73
$GNGSA,M,3,08,10,18,23,24,27,32,,,,,,1.1,0.5,1.0,1*3A
$GNGSA,M,3,68,69,70,85,,,,,,,,,1.1,0.5,1.0,2*31
$GNGSA,M,3,03,05,08,13,34,,,,,,,,1.1,0.5,1.0,3*30
$GNGSA,M,3,02,03,06,07,09,11,25,27,29,30,32,41,1.1,0.5,1.0,4*3B
$GPGSV,2,1,08,24,31,060,37,18,25,147,40,02,16,316,26,32,51,229,37,1*6C
$GPGSV,2,2,08,10,70,343,43,27,26,251,30,08,22,288,33,23,54,071,42,1*67
$GPGSV,2,1,06,24,31,060,36,18,25,147,30,32,51,229,33,10,70,343,41,4*67
$GPGSV,2,2,06,08,22,288,34,23,54,071,33,4*6C
$GPGSV,2,1,07,24,31,060,37,18,25,147,35,32,51,229,31,10,70,343,40,6*63
$GPGSV,2,2,07,27,26,251,29,08,22,288,36,23,54,071,38,6*5A
$GPGSV,2,1,07,24,31,060,45,18,25,147,43,32,51,229,36,10,70,343,44,8*6A
$GPGSV,2,2,07,27,26,251,32,08,22,288,41,23,54,071,44,8*55
$GPGSV,1,1,02,18,25,147,40,23,54,071,42,9*66
$GLGSV,2,1,07,68,32,041,38,78,12,070,33,69,69,331,41,83,29,168,35,1*7B
$GLGSV,2,2,07,70,33,253,32,85,38,322,41,84,73,243,37,1*44
$GLGSV,2,1,07,68,32,041,43,78,12,070,40,69,69,331,43,83,29,168,42,3*73
$GLGSV,2,2,07,70,33,253,37,85,38,322,41,84,73,243,41,3*42
$GLGSV,2,1,05,68,32,041,40,69,69,331,43,83,29,168,42,85,38,322,40,5*7A
$GLGSV,2,2,05,84,73,243,37,5*40
$GBGSV,1,1,02,B*07
$GBGSV,5,1,18,67,43,175,38,65,10,109,32,02,43,175,39,03,32,134,33,1*76
$GBGSV,5,2,18,01,,,34,27,27,179,40,07,36,124,40,06,40,073,40,1*46
$GBGSV,5,3,18,09,63,042,40,32,74,308,44,30,53,251,35,41,36,057,37,1*7D
$GBGSV,5,4,18,11,42,294,41,20,22,256,25,29,25,311,38,10,28,135,37,1*7A
$GBGSV,5,5,18,25,16,077,36,23,10,123,31,1*78
$GBGSV,3,1,10,27,27,179,37,07,36,124,38,06,40,073,37,32,74,308,43,3*7E
$GBGSV,3,2,10,30,53,251,29,41,36,057,35,11,42,294,38,20,22,256,23,3*78
$GBGSV,3,3,10,29,25,311,34,25,16,077,35,3*7B
$GBGSV,3,1,11,27,27,179,38,07,36,124,39,06,40,073,39,32,74,308,43,5*79
$GBGSV,3,2,11,30,53,251,37,41,36,057,42,11,42,294,43,20,22,256,25,5*7A
$GBGSV,3,3,11,29,25,311,36,25,16,077,39,23,10,123,39,5*48
$GBGSV,3,1,12,02,43,175,46,03,32,134,37,27,27,179,40,07,36,124,43,6*7D
$GBGSV,3,2,12,06,40,073,38,32,74,308,44,30,53,251,39,41,36,057,43,6*7B
$GBGSV,3,3,12,11,42,294,45,29,25,311,38,25,16,077,43,23,10,123,40,6*7D
$GBGSV,4,1,16,02,43,175,44,03,32,134,41,01,,,36,27,27,179,42,8*47
$GBGSV,4,2,16,07,36,124,44,06,40,073,41,09,63,042,39,32,74,308,44,8*71
$GBGSV,4,3,16,30,53,251,38,41,36,057,43,11,42,294,45,20,22,256,23,8*78
$GBGSV,4,4,16,29,25,311,38,10,28,135,31,25,16,077,43,23,10,123,38,8*7E
$GBGSV,1,1,02,09,63,042,41,10,28,135,29,B*0F
$GAGSV,2,1,06,34,25,135,38,08,49,212,41,05,20,046,44,32,,,44,1*49
$GAGSV,2,2,06,03,71,067,42,13,43,312,40,1*70
$GAGSV,2,1,06,34,25,135,37,08,49,212,43,05,20,046,43,32,,,45,2*41
$GAGSV,2,2,06,03,71,067,44,13,43,312,41,2*74
$GAGSV,2,1,06,34,25,135,31,08,49,212,42,05,20,046,41,32,,,44,5*42
$GAGSV,2,2,06,03,71,067,43,13,43,312,39,5*7B
$GAGSV,2,1,06,34,25,135,38,08,49,212,40,05,20,046,30,32,,,41,7*48
$GAGSV,2,2,06,03,71,067,40,13,43,312,40,7*74
$GQGSV,1,1,03,03,11,128,27,07,19,119,26,55,38,160,37,1*51
$GQGSV,1,1,02,03,11,128,39,07,19,119,36,6*61
$GQGSV,1,1,02,03,11,128,40,07,19,119,39,8*6E
$GIGSV,2,1,07,09,48,225,36,05,,,40,02,14,206,22,10,16,119,42,1*47
$GIGSV,2,2,07,01,,,37,07,,,38,03,,,43,1*77
$GIGSV,1,1,03,41,40,171,37,45,37,156,34,40,36,211,36,5*4E
#PPPNAVA,95,GPS,FINE,2424,33954000,0,0,18,23;SOL_COMPUTED,PPP_CONVERGING,30.00018678485,150.00001267702,2884.1412,-39.9014,WGS84,1.6943,1.3435,2.3428,"9901",4.000,0.000,46,34,34,34,1,00,03,ff*a9a831b7
$GNRMC,092537.00,A,2959.99799505,N,14959.99669138,E,0.010,75.0,210626,1.2,E,D,C*79
$GNGGA,092537.00,2959.99799505,N,14959.99669138,E,2,28,0.5,2883.7820,M,-39.9013,M,2.0,144*7A
$GNGSA,M,3,08,10,18,23,24,27,32,,,,,,1.1,0.5,1.0,1*3A
$GNGSA,M,3,68,69,70,85,,,,,,,,,1.1,0.5,1.0,2*31
$GNGSA,M,3,03,05,08,13,34,,,,,,,,1.1,0.5,1.0,3*30
$GNGSA,M,3,02,03,06,07,09,11,25,27,29,30,32,41,1.1,0.5,1.0,4*3B
$GPGSV,2,1,08,24,31,060,36,18,25,147,40,02,16,316,27,32,51,229,38,1*63
$GPGSV,2,2,08,10,70,343,43,27,26,251,28,08,22,288,32,23,54,071,42,1*6F
$GPGSV,2,1,06,24,31,060,36,18,25,147,30,32,51,229,32,10,70,343,41,4*66
$GPGSV,2,2,06,08,22,288,33,23,54,071,33,4*6B
$GPGSV,2,1,07,24,31,060,37,18,25,147,35,32,51,229,30,10,70,343,39,6*6C
$GPGSV,2,2,07,27,26,251,28,08,22,288,35,23,54,071,38,6*58
$GPGSV,2,1,07,24,31,060,45,18,25,147,43,32,51,229,35,10,70,343,43,8*6E
$GPGSV,2,2,07,27,26,251,32,08,22,288,40,23,54,071,43,8*53
$GPGSV,1,1,02,18,25,147,39,23,54,071,41,9*6B
$GLGSV,2,1,07,68,32,041,38,78,12,070,33,69,69,331,40,83,29,168,34,1*7B
$GLGSV,2,2,07,70,33,253,32,85,38,322,41,84,73,243,37,1*44
$GLGSV,2,1,07,68,32,041,43,78,12,070,40,69,69,331,43,83,29,168,41,3*70
$GLGSV,2,2,07,70,33,253,37,85,38,322,41,84,73,243,40,3*43
$GLGSV,2,1,05,68,32,041,40,69,69,331,43,83,29,168,42,85,38,322,40,5*7A
$GLGSV,2,2,05,84,73,243,37,5*40
$GBGSV,1,1,01,B*04
$GBGSV,5,1,19,67,43,175,38,66,32,134,31,65,10,109,32,02,43,175,40,1*78
$GBGSV,5,2,19,03,32,134,33,01,,,33,27,26,179,40,07,36,124,41,1*46
$GBGSV,5,3,19,06,40,073,40,09,63,042,40,32,74,308,44,30,53,251,36,1*7B
$GBGSV,5,4,19,41,36,057,37,11,42,294,42,20,22,256,26,29,25,311,37,1*7A
$GBGSV,5,5,19,10,28,135,38,25,16,077,35,23,10,123,32,1*4E
$GBGSV,3,1,10,27,26,179,37,07,36,124,39,06,40,073,37,32,74,308,43,3*7E
$GBGSV,3,2,10,30,53,251,29,41,36,057,35,11,42,294,39,20,22,256,24,3*7E
$GBGSV,3,3,10,29,25,311,34,25,16,077,35,3*7B
$GBGSV,3,1,11,27,26,179,38,07,36,124,39,06,40,073,39,32,74,308,43,5*78
$GBGSV,3,2,11,30,53,251,37,41,36,057,42,11,42,294,43,20,22,256,27,5*78
$GBGSV,3,3,11,29,25,311,35,25,16,077,39,23,10,123,39,5*4B
$GBGSV,3,1,12,02,43,175,46,03,32,134,38,27,26,179,40,07,36,124,43,6*73
$GBGSV,3,2,12,06,40,073,38,32,74,308,44,30,53,251,39,41,36,057,43,6*7B
$GBGSV,3,3,12,11,42,294,45,29,25,311,37,25,16,077,43,23,10,123,40,6*72
$GBGSV,4,1,16,02,43,175,44,03,32,134,41,01,,,36,27,26,179,42,8*46
$GBGSV,4,2,16,07,36,124,44,06,40,073,42,09,63,042,39,32,74,308,45,8*73
$GBGSV,4,3,16,30,53,251,38,41,36,057,43,11,42,294,45,20,22,256,21,8*7A
$GBGSV,4,4,16,29,25,311,38,10,28,135,31,25,16,077,43,23,10,123,39,8*7F
$GBGSV,1,1,02,09,63,042,41,10,28,135,30,B*07
$GAGSV,2,1,06,34,25,135,38,08,49,212,41,05,20,046,44,32,,,44,1*49
$GAGSV,2,2,06,03,71,067,42,13,43,312,41,1*71
$GAGSV,2,1,06,34,25,135,37,08,49,212,43,05,20,046,43,32,,,46,2*42
$GAGSV,2,2,06,03,71,067,44,13,43,312,42,2*77
$GAGSV,2,1,06,34,25,135,31,08,49,212,42,05,20,046,41,32,,,45,5*43
$GAGSV,2,2,06,03,71,067,43,13,43,312,40,5*75
$GAGSV,2,1,06,34,25,135,37,08,49,212,40,05,20,046,30,32,,,41,7*47
$GAGSV,2,2,06,03,71,067,40,13,43,312,40,7*74
$GQGSV,1,1,02,03,11,128,26,55,38,160,37,1*63
$GQGSV,1,1,01,03,11,128,39,6*51
$GQGSV,1,1,01,03,11,128,40,8*51
$GIGSV,2,1,07,09,48,225,37,05,,,40,02,14,206,22,10,16,119,42,1*46
$GIGSV,2,2,07,01,,,37,07,,,38,03,,,43,1*77
$GIGSV,1,1,03,41,40,171,37,45,37,156,34,40,36,211,36,5*4E
#PPPNAVA,95,GPS,FINE,2424,33955000,0,0,18,24;SOL_COMPUTED,PPP_CONVERGING,29.99997691999,149.99992342813,2884.1274,-39.9014,WGS84,1.6894,1.3408,2.3385,"9901",5.000,0.000,45,34,34,33,1,00,03,ff*bd415590
$GNRMC,092538.00,A,3000.00716670,N,14959.99994531,E,0.010,88.1,210626,1.2,E,D,C*77
$GNGGA,092538.00,3000.00716670,N,14959.99994531,E,2,28,0.5,2883.7859,M,-39.9013,M,3.0,144*78
$GNGSA,M,3,08,10,18,23,24,27,32,,,,,,1.1,0.5,1.0,1*3A
$GNGSA,M,3,68,69,70,85,,,,,,,,,1.1,0.5,1.0,2*31
$GNGSA,M,3,03,05,08,13,34,,,,,,,,1.1,0.5,1.0,3*30
$GNGSA,M,3,02,03,06,07,09,11,25,27,29,30,32,41,1.1,0.5,1.0,4*3B
$GPGSV,2,1,08,24,31,060,35,18,25,147,40,02,16,316,27,32,51,229,38,1*60
$GPGSV,2,2,08,10,70,343,43,27,26,251,28,08,22,288,34,23,54,071,42,1*69
$GPGSV,2,1,06,24,31,060,35,18,25,147,30,32,51,229,32,10,70,343,41,4*65
$GPGSV,2,2,06,08,22,288,35,23,54,071,32,4*6C
$GPGSV,2,1,07,24,31,060,37,18,25,147,34,32,51,229,29,10,70,343,39,6*65
$GPGSV,2,2,07,27,26,251,29,08,22,288,38,23,54,071,38,6*54
$GPGSV,2,1,07,24,31,060,46,18,25,147,43,32,51,229,35,10,70,343,43,8*6D
$GPGSV,2,2,07,27,26,251,32,08,22,288,42,23,54,071,43,8*51
$GPGSV,1,1,02,18,25,147,39,23,54,071,41,9*6B
$GLGSV,2,1,07,68,32,041,39,78,12,070,33,69,69,331,41,83,29,168,35,1*7A
$GLGSV,2,2,07,70,33,253,31,85,38,322,41,84,73,243,38,1*48
$GLGSV,2,1,07,68,32,041,43,78,12,070,40,69,69,331,42,83,29,168,41,3*71
$GLGSV,2,2,07,70,33,253,37,85,38,322,41,84,73,243,41,3*42
$GLGSV,2,1,05,68,32,041,40,69,69,331,42,83,29,168,42,85,38,322,40,5*7B
$GLGSV,2,2,05,84,73,243,37,5*40
$GBGSV,1,1,01,B*04
$GBGSV,5,1,19,67,43,175,38,66,32,134,31,65,10,109,32,02,43,175,40,1*78
$GBGSV,5,2,19,03,32,134,34,01,,,32,27,26,179,40,07,36,124,41,1*40
$GBGSV,5,3,19,06,40,073,40,09,63,042,40,32,74,308,44,30,53,251,37,1*7A
$GBGSV,5,4,19,41,36,057,38,11,42,294,41,20,22,256,28,29,25,311,37,1*78
$GBGSV,5,5,19,10,28,135,38,25,16,077,35,23,10,123,32,1*4E
$GBGSV,3,1,10,27,26,179,37,07,36,124,39,06,40,073,37,32,74,308,43,3*7E
$GBGSV,3,2,10,30,53,251,31,41,36,057,36,11,42,294,39,20,22,256,27,3*77
$GBGSV,3,3,10,29,25,311,34,25,16,077,35,3*7B
$GBGSV,3,1,11,27,26,179,38,07,36,124,39,06,40,073,39,32,74,308,43,5*78
$GBGSV,3,2,11,30,53,251,37,41,36,057,42,11,42,294,44,20,22,256,25,5*7D
$GBGSV,3,3,11,29,25,311,36,25,16,077,39,23,10,123,39,5*48
$GBGSV,3,1,12,02,43,175,46,03,32,134,38,27,26,179,40,07,36,124,42,6*72
$GBGSV,3,2,12,06,40,073,38,32,74,308,45,30,53,251,39,41,36,057,43,6*7A
$GBGSV,3,3,12,11,42,294,45,29,25,311,38,25,16,077,43,23,10,123,40,6*7D
$GBGSV,4,1,16,02,43,175,44,03,32,134,41,01,,,36,27,26,179,42,8*46
$GBGSV,4,2,16,07,36,124,45,06,40,073,42,09,63,042,40,32,74,308,44,8*7D
$GBGSV,4,3,16,30,53,251,38,41,36,057,43,11,42,294,45,20,22,256,24,8*7F
$GBGSV,4,4,16,29,25,311,37,10,28,135,30,25,16,077,43,23,10,123,38,8*70
$GBGSV,1,1,02,09,63,042,41,10,28,135,31,B*06
$GAGSV,2,1,06,34,25,135,38,08,49,212,41,05,20,046,44,32,,,44,1*49
$GAGSV,2,2,06,03,71,067,42,13,43,312,41,1*71
$GAGSV,2,1,06,34,25,135,37,08,49,212,43,05,20,046,43,32,,,46,2*42
$GAGSV,2,2,06,03,71,067,44,13,43,312,42,2*77
$GAGSV,2,1,06,34,25,135,31,08,49,212,43,05,20,046,41,32,,,45,5*42
$GAGSV,2,2,06,03,71,067,43,13,43,312,40,5*75
$GAGSV,2,1,06,34,25,135,37,08,49,212,41,05,20,046,30,32,,,41,7*46
$GAGSV,2,2,06,03,71,067,39,13,43,312,40,7*7A
$GQGSV,1,1,02,03,11,128,25,55,38,160,37,1*60
$GQGSV,1,1,01,03,11,128,39,6*51
$GQGSV,1,1,01,03,11,128,39,8*5F
$GIGSV,2,1,07,09,48,225,36,05,,,40,02,14,206,22,10,16,119,41,1*44
$GIGSV,2,2,07,01,,,37,07,,,38,03,,,43,1*77
$GIGSV,1,1,03,41,40,171,37,45,37,156,34,40,36,211,36,5*4E
#PPPNAVA,95,GPS,FINE,2424,33956000,0,0,18,23;SOL_COMPUTED,PPP_CONVERGING,30.00012960114,149.99997761194,2884.1305,-39.9014,WGS84,1.6850,1.3380,2.3348,"9901",6.000,0.000,45,34,34,33,1,00,03,f7*d3d95b2a
$GNRMC,092539.00,A,2959.99962135,N,14959.97928687,E,0.009,75.2,210626,1.2,E,D,C*77
$GNGGA,092539.00,2959.99962135,N,14959.97928687,E,2,28,0.5,2883.7900,M,-39.9013,M,4.0,144*7B
$GNGSA,M,3,08,10,18,23,24,27,32,,,,,,1.1,0.5,1.0,1*3A
$GNGSA,M,3,68,69,70,85,,,,,,,,,1.1,0.5,1.0,2*31
$GNGSA,M,3,03,05,08,13,34,,,,,,,,1.1,0.5,1.0,3*30
$GNGSA,M,3,02,03,06,07,09,11,25,27,29,30,32,41,1.1,0.5,1.0,4*3B
$GPGSV,2,1,08,24,31,060,34,18,25,147,39,02,16,316,27,32,51,229,37,1*60
$GPGSV,2,2,08,10,70,343,43,27,26,251,30,08,22,288,34,23,54,071,41,1*63
$GPGSV,2,1,06,24,31,060,35,18,25,147,29,32,51,229,32,10,70,343,41,4*6D
$GPGSV,2,2,06,08,22,288,35,23,54,071,32,4*6C
$GPGSV,2,1,07,24,31,060,36,18,25,147,35,32,51,229,29,10,70,343,39,6*65
$GPGSV,2,2,07,27,26,251,29,08,22,288,38,23,54,071,37,6*5B
$GPGSV,2,1,07,24,31,060,45,18,25,147,43,32,51,229,35,10,70,343,43,8*6E
$GPGSV,2,2,07,27,26,251,33,08,22,288,43,23,54,071,43,8*51
$GPGSV,1,1,02,18,25,147,39,23,54,071,41,9*6B
$GLGSV,2,1,07,68,32,041,39,78,12,070,33,69,69,331,41,83,29,168,35,1*7A
$GLGSV,2,2,07,70,33,253,31,85,38,322,41,84,73,243,38,1*48
$GLGSV,2,1,07,68,32,041,43,78,12,070,40,69,69,331,42,83,29,168,41,3*71
$GLGSV,2,2,07,70,33,253,37,85,38,322,42,84,73,243,41,3*41
$GLGSV,2,1,05,68,32,041,39,69,69,331,42,83,29,168,42,85,38,322,40,5*75
$GLGSV,2,2,05,84,73,243,38,5*4F
$GBGSV,1,1,01,B*04
$GBGSV,5,1,19,67,43,175,38,66,32,134,31,65,10,109,32,02,43,175,40,1*78
$GBGSV,5,2,19,03,32,134,34,01,,,32,27,26,179,40,07,36,124,41,1*40
$GBGSV,5,3,19,06,40,073,40,09,63,042,40,32,74,308,44,30,53,251,37,1*7A
$GBGSV,5,4,19,41,36,057,39,11,42,294,42,20,22,256,29,29,25,311,37,1*7B
$GBGSV,5,5,19,10,28,135,37,25,16,077,35,23,10,123,32,1*41
$GBGSV,3,1,10,27,26,179,37,07,36,124,39,06,40,073,37,32,74,308,43,3*7E
$GBGSV,3,2,10,30,53,251,31,41,36,057,36,11,42,294,39,20,22,256,25,3*75
$GBGSV,3,3,10,29,25,311,33,25,16,077,35,3*7C
$GBGSV,3,1,11,27,26,179,38,07,36,124,39,06,40,073,38,32,74,308,43,5*79
$GBGSV,3,2,11,30,53,251,37,41,36,057,42,11,42,294,44,20,22,256,25,5*7D
$GBGSV,3,3,11,29,25,311,36,25,16,077,39,23,10,123,39,5*48
$GBGSV,3,1,12,02,43,175,46,03,32,134,38,27,26,179,40,07,36,124,42,6*72
$GBGSV,3,2,12,06,40,073,38,32,74,308,45,30,53,251,39,41,36,057,43,6*7A
$GBGSV,3,3,12,11,42,294,45,29,25,311,38,25,16,077,43,23,10,123,40,6*7D
$GBGSV,4,1,16,02,43,175,44,03,32,134,41,01,,,36,27,26,179,42,8*46
$GBGSV,4,2,16,07,36,124,45,06,40,073,42,09,63,042,40,32,74,308,45,8*7C
$GBGSV,4,3,16,30,53,251,38,41,36,057,43,11,42,294,46,20,22,256,23,8*7B
$GBGSV,4,4,16,29,25,311,37,10,28,135,30,25,16,077,43,23,10,123,39,8*71
$GBGSV,1,1,02,09,63,042,41,10,28,135,31,B*06
$GAGSV,2,1,06,34,25,135,38,08,49,212,41,05,20,046,44,32,,,44,1*49
$GAGSV,2,2,06,03,71,067,42,13,43,312,41,1*71
$GAGSV,2,1,06,34,25,135,37,08,49,212,43,05,20,046,43,32,,,46,2*42
$GAGSV,2,2,06,03,71,067,44,13,43,312,43,2*76
$GAGSV,2,1,06,34,25,135,32,08,49,212,42,05,20,046,41,32,,,45,5*40
$GAGSV,2,2,06,03,71,067,43,13,43,312,40,5*75
$GAGSV,2,1,06,34,25,135,37,08,49,212,41,05,20,046,29,32,,,41,7*4E
$GAGSV,2,2,06,03,71,067,39,13,43,312,39,7*74
$GQGSV,1,1,02,03,11,128,26,55,38,160,37,1*63
$GQGSV,1,1,01,03,11,128,38,6*50
$GQGSV,1,1,01,03,11,128,40,8*51
$GIGSV,2,1,07,09,48,225,36,05,,,39,02,14,206,23,10,16,119,41,1*4B
$GIGSV,2,2,07,01,,,37,07,,,38,03,,,43,1*77
$GIGSV,1,1,03,41,40,171,37,45,37,156,34,40,36,211,36,5*4E
#PPPNAVA,95,GPS,FINE,2424,33957000,0,0,18,24;SOL_COMPUTED,PPP_CONVERGING,30.00000385790,149.99963326845,2884.1090,-39.9014,WGS84,1.6802,1.3353,2.3306,"9901",7.000,0.000,45,34,34,33,1,00,07,f7*6820130e
$GNRMC,092540.00,A,3000.00199159,N,14959.98069199,E,0.009,82.9,210626,1.2,E,D,C*73
$GNGGA,092540.00,3000.00199159,N,14959.98069199,E,2,28,0.6,2883.7942,M,-39.9013,M,5.0,144*78
$GNGSA,M,3,08,10,18,23,24,27,32,,,,,,1.2,0.6,1.0,1*3A
$GNGSA,M,3,68,69,70,85,,,,,,,,,1.2,0.6,1.0,2*31
$GNGSA,M,3,03,08,13,34,,,,,,,,,1.2,0.6,1.0,3*35
$GNGSA,M,3,02,03,06,07,09,10,11,25,27,29,30,32,1.2,0.6,1.0,4*3F
$GNGSA,M,3,41,,,,,,,,,,,,1.2,0.6,1.0,4*39
$GPGSV,2,1,08,24,31,060,34,18,25,147,40,02,16,316,26,32,51,229,38,1*60
$GPGSV,2,2,08,10,70,343,43,27,26,251,31,08,22,288,34,23,54,071,41,1*62
$GPGSV,2,1,06,24,31,060,35,18,25,147,30,32,51,229,32,10,70,343,42,4*66
$GPGSV,2,2,06,08,22,288,36,23,54,071,32,4*6F
$GPGSV,2,1,07,24,31,060,37,18,25,147,35,32,51,229,29,10,70,343,39,6*64
$GPGSV,2,2,07,27,26,251,29,08,22,288,38,23,54,071,37,6*5B
$GPGSV,2,1,07,24,31,060,45,18,25,147,43,32,51,229,34,10,70,343,43,8*6F
$GPGSV,2,2,07,27,26,251,32,08,22,288,43,23,54,071,43,8*50
$GPGSV,1,1,02,18,25,147,39,23,54,071,41,9*6B
$GLGSV,2,1,07,68,32,041,39,78,12,070,34,69,69,331,40,83,29,168,34,1*7D
$GLGSV,2,2,07,70,33,253,29,85,38,322,41,84,73,243,39,1*40
$GLGSV,2,1,07,68,32,041,42,78,12,070,40,69,69,331,42,83,29,168,41,3*70
$GLGSV,2,2,07,70,33,253,37,85,38,322,41,84,73,243,41,3*42
$GLGSV,2,1,05,68,32,041,39,69,69,331,42,83,29,168,42,85,38,322,39,5*7B
$GLGSV,2,2,05,84,73,243,37,5*40
$GBGSV,1,1,01,B*04
$GBGSV,5,1,19,67,43,175,38,66,32,134,31,65,10,109,32,02,43,175,40,1*78
$GBGSV,5,2,19,03,32,134,35,01,,,33,27,26,179,40,07,36,124,40,1*41
$GBGSV,5,3,19,06,40,073,40,09,63,042,40,32,74,308,44,30,53,251,36,1*7B
$GBGSV,5,4,19,41,36,057,40,11,42,294,42,20,22,256,29,29,25,311,36,1*74
$GBGSV,5,5,19,10,28,135,38,25,16,077,35,23,10,123,31,1*4D
$GBGSV,3,1,10,27,26,179,37,07,36,124,38,06,40,073,37,32,74,308,43,3*7F
$GBGSV,3,2,10,30,53,251,30,41,36,057,36,11,42,294,39,20,22,256,25,3*74
$GBGSV,3,3,10,29,25,311,33,25,16,077,34,3*7D
$GBGSV,3,1,11,27,26,179,38,07,36,124,39,06,40,073,39,32,74,308,43,5*78
$GBGSV,3,2,11,30,53,251,37,41,36,057,42,11,42,294,44,20,22,256,26,5*7E
$GBGSV,3,3,11,29,25,311,36,25,16,077,39,23,10,123,39,5*48
$GBGSV,3,1,12,02,43,175,45,03,32,134,38,27,26,179,40,07,36,124,42,6*71
$GBGSV,3,2,12,06,40,073,39,32,74,308,45,30,53,251,39,41,36,057,43,6*7B
$GBGSV,3,3,12,11,42,294,45,29,25,311,38,25,16,077,43,23,10,123,40,6*7D
$GBGSV,4,1,16,02,43,175,44,03,32,134,41,01,,,36,27,26,179,42,8*46
$GBGSV,4,2,16,07,36,124,45,06,40,073,42,09,63,042,40,32,74,308,45,8*7C
$GBGSV,4,3,16,30,53,251,38,41,36,057,43,11,42,294,46,20,22,256,25,8*7D
$GBGSV,4,4,16,29,25,311,38,10,28,135,31,25,16,077,43,23,10,123,39,8*7F
$GBGSV,1,1,02,09,63,042,41,10,28,135,30,B*07
$GAGSV,2,1,06,34,25,135,38,08,49,212,40,05,20,046,44,32,,,44,1*48
$GAGSV,2,2,06,03,71,067,42,13,43,312,41,1*71
$GAGSV,2,1,06,34,25,135,36,08,49,212,42,05,20,046,44,32,,,46,2*45
$GAGSV,2,2,06,03,71,067,43,13,43,312,43,2*71
$GAGSV,2,1,06,34,25,135,32,08,49,212,42,05,20,046,42,32,,,45,5*43
$GAGSV,2,2,06,03,71,067,43,13,43,312,41,5*74
$GAGSV,2,1,06,34,25,135,37,08,49,212,40,05,20,046,31,32,,,41,7*46
$GAGSV,2,2,06,03,71,067,40,13,43,312,40,7*74
$GQGSV,1,1,02,03,11,128,26,55,38,160,37,1*63
$GQGSV,1,1,01,03,11,128,38,6*50
$GQGSV,1,1,01,03,11,128,40,8*51
$GIGSV,2,1,07,09,48,225,36,05,,,39,02,14,206,27,10,16,119,42,1*4C
$GIGSV,2,2,07,01,,,37,07,,,38,03,,,43,1*77
$GIGSV,1,1,03,41,40,171,37,45,37,156,34,40,36,211,36,5*4E
#PPPNAVA,95,GPS,FINE,2424,33958000,0,0,18,24;SOL_COMPUTED,PPP_CONVERGING,30.00004315449,149.99965671231,2884.1442,-39.9014,WGS84,1.6789,1.3345,2.3302,"9901",8.000,0.000,45,34,34,33,1,00,07,f7*9e9b9e0e
$GNRMC,092541.00,A,3000.01080121,N,14959.98320454,E,0.009,88.0,210626,1.2,E,D,C*7C
$GNGGA,092541.00,3000.01080121,N,14959.98320454,E,2,28,0.6,2883.7998,M,-39.9013,M,2.0,144*74
$GNGSA,M,3,08,10,18,23,24,27,32,,,,,,1.2,0.6,1.0,1*3A
$GNGSA,M,3,68,69,70,85,,,,,,,,,1.2,0.6,1.0,2*31
$GNGSA,M,3,03,08,13,34,,,,,,,,,1.2,0.6,1.0,3*35
$GNGSA,M,3,02,03,06,07,09,10,11,25,27,29,30,32,1.2,0.6,1.0,4*3F
$GNGSA,M,3,41,,,,,,,,,,,,1.2,0.6,1.0,4*39
$GPGSV,2,1,08,24,31,060,33,18,25,147,40,02,16,316,27,32,51,229,37,1*69
$GPGSV,2,2,08,10,70,343,42,27,26,251,32,08,22,288,34,23,54,071,41,1*60
$GPGSV,2,1,06,24,31,060,35,18,25,147,30,32,51,229,31,10,70,343,41,4*66
$GPGSV,2,2,06,08,22,288,36,23,54,071,33,4*6E
$GPGSV,2,1,07,24,31,060,37,18,25,147,35,32,51,229,28,10,70,343,39,6*65
$GPGSV,2,2,07,27,26,251,28,08,22,288,39,23,54,071,37,6*5B
$GPGSV,2,1,07,24,31,060,45,18,25,147,43,32,51,229,34,10,70,343,43,8*6F
$GPGSV,2,2,07,27,26,251,33,08,22,288,43,23,54,071,43,8*51
$GPGSV,1,1,02,18,25,147,40,23,54,071,41,9*65
$GLGSV,2,1,07,68,32,041,38,78,12,070,33,69,69,331,40,83,29,168,34,1*7B
$GLGSV,2,2,07,70,33,253,28,85,38,322,40,84,73,243,39,1*40
$GLGSV,2,1,07,68,32,041,42,78,12,070,41,69,69,331,42,83,29,168,42,3*72
$GLGSV,2,2,07,70,33,253,36,85,38,322,41,84,73,243,41,3*43
$GLGSV,2,1,05,68,32,041,39,69,69,331,42,83,29,168,42,85,38,322,39,5*7B
$GLGSV,2,2,05,84,73,243,38,5*4F
$GBGSV,1,1,01,B*04
$GBGSV,5,1,19,67,43,175,38,66,32,134,31,65,10,109,32,02,43,175,40,1*78
$GBGSV,5,2,19,03,32,134,35,01,,,33,27,26,179,41,07,36,124,40,1*40
$GBGSV,5,3,19,06,40,073,40,09,63,042,40,32,74,308,44,30,53,251,37,1*7A
$GBGSV,5,4,19,41,36,057,40,11,42,293,42,20,22,256,29,29,25,311,36,1*73
$GBGSV,5,5,19,10,28,135,37,25,16,077,35,23,10,123,31,1*42
$GBGSV,3,1,10,27,26,179,37,07,36,124,38,06,40,073,37,32,74,308,43,3*7F
$GBGSV,3,2,10,30,53,251,31,41,36,057,36,11,42,293,39,20,22,256,27,3*70
$GBGSV,3,3,10,29,25,311,33,25,16,077,34,3*7D
$GBGSV,3,1,11,27,26,179,38,07,36,124,39,06,40,073,38,32,74,308,43,5*79
$GBGSV,3,2,11,30,53,251,37,41,36,057,42,11,42,293,43,20,22,256,26,5*7E
$GBGSV,3,3,11,29,25,311,36,25,16,077,39,23,10,123,39,5*48
$GBGSV,3,1,12,02,43,175,45,03,32,134,37,27,26,179,39,07,36,124,42,6*70
$GBGSV,3,2,12,06,40,073,38,32,74,308,45,30,53,251,39,41,36,057,43,6*7A
$GBGSV,3,3,12,11,42,293,45,29,25,311,38,25,16,077,43,23,10,123,40,6*7A
$GBGSV,4,1,16,02,43,175,44,03,32,134,41,01,,,35,27,26,179,41,8*46
$GBGSV,4,2,16,07,36,124,45,06,40,073,42,09,63,042,40,32,74,308,45,8*7C
$GBGSV,4,3,16,30,53,251,38,41,36,057,42,11,42,293,45,20,22,256,25,8*78
$GBGSV,4,4,16,29,25,311,38,10,28,135,31,25,16,077,43,23,10,123,39,8*7F
$GBGSV,1,1,02,09,63,042,41,10,28,135,29,B*0F
$GAGSV,2,1,06,34,25,135,38,08,49,212,40,05,20,046,44,32,,,44,1*48
$GAGSV,2,2,06,03,71,067,42,13,43,312,41,1*71
$GAGSV,2,1,06,34,25,135,37,08,49,212,42,05,20,046,44,32,,,46,2*44
$GAGSV,2,2,06,03,71,067,43,13,43,312,43,2*71
$GAGSV,2,1,06,34,25,135,32,08,49,212,42,05,20,046,42,32,,,44,5*42
$GAGSV,2,2,06,03,71,067,43,13,43,312,41,5*74
$GAGSV,2,1,06,34,25,135,37,08,49,212,40,05,20,046,29,32,,,41,7*4F
$GAGSV,2,2,06,03,71,067,40,13,43,312,39,7*7A
$GQGSV,1,1,02,03,11,128,26,55,38,160,37,1*63
$GQGSV,1,1,01,03,11,128,38,6*50
$GQGSV,1,1,01,03,11,128,39,8*5F
$GIGSV,2,1,07,09,48,225,36,05,,,39,02,14,206,25,10,16,119,42,1*4E
$GIGSV,2,2,07,01,,,37,07,,,38,03,,,43,1*77
$GIGSV,1,1,03,41,40,171,37,45,37,156,34,40,36,211,36,5*4E
#PPPNAVA,95,GPS,FINE,2424,33959000,0,0,18,24;SOL_COMPUTED,PPP_CONVERGING,30.00018978543,149.99969867052,2884.0626,-39.9014,WGS84,1.6748,1.3316,2.3256,"9901",9.000,0.000,45,34,34,33,1,00,07,ff*b69729cc
$GNRMC,092542.00,A,3000.01094507,N,14959.98242569,E,0.009,103.5,210626,1.2,E,D,C*47
$GNGGA,092542.00,3000.01094507,N,14959.98242569,E,2,28,0.6,2883.8042,M,-39.9013,M,2.0,144*79
$GNGSA,M,3,08,10,18,23,24,27,32,,,,,,1.2,0.6,1.0,1*3A
$GNGSA,M,3,68,69,70,85,,,,,,,,,1.2,0.6,1.0,2*31
$GNGSA,M,3,03,08,13,34,,,,,,,,,1.2,0.6,1.0,3*35
$GNGSA,M,3,02,03,06,07,09,10,11,25,27,29,30,32,1.2,0.6,1.0,4*3F
$GNGSA,M,3,41,,,,,,,,,,,,1.2,0.6,1.0,4*39
$GPGSV,2,1,08,24,31,060,32,18,25,147,40,02,16,316,28,32,51,229,38,1*68
$GPGSV,2,2,08,10,70,343,43,27,26,251,33,08,22,288,34,23,54,071,41,1*60
$GPGSV,2,1,06,24,31,060,36,18,25,147,30,32,51,229,33,10,70,343,41,4*67
$GPGSV,2,2,06,08,22,288,36,23,54,071,33,4*6E
$GPGSV,2,1,07,24,31,060,37,18,25,147,36,32,51,229,31,10,70,343,39,6*6E
$GPGSV,2,2,07,27,26,251,30,08,22,288,38,23,54,071,38,6*5C
$GPGSV,2,1,07,24,31,060,45,18,25,147,43,32,51,229,35,10,70,343,44,8*69
$GPGSV,2,2,07,27,26,251,33,08,22,288,43,23,54,071,43,8*51
$GPGSV,1,1,02,18,25,147,40,23,54,071,41,9*65
$GLGSV,2,1,07,68,32,041,37,78,12,070,33,69,69,331,40,83,29,168,34,1*74
$GLGSV,2,2,07,70,33,253,29,85,38,322,40,84,73,243,39,1*41
$GLGSV,2,1,07,68,32,041,42,78,12,070,41,69,69,331,42,83,29,168,42,3*72
$GLGSV,2,2,07,70,33,253,36,85,38,322,41,84,73,243,40,3*42
$GLGSV,2,1,05,68,32,041,39,69,69,331,42,83,29,168,42,85,38,322,39,5*7B
$GLGSV,2,2,05,84,73,243,38,5*4F
$GBGSV,1,1,01,B*04
$GBGSV,5,1,19,67,43,175,38,66,32,134,31,65,10,109,32,02,43,175,39,1*76
$GBGSV,5,2,19,03,32,134,34,01,,,33,27,26,179,41,07,36,124,40,1*41
$GBGSV,5,3,19,06,40,073,40,09,63,042,40,32,74,308,44,30,53,251,36,1*7B
$GBGSV,5,4,19,41,36,057,40,11,42,293,42,20,22,256,29,29,25,311,38,1*7D
$GBGSV,5,5,19,10,28,135,37,25,16,077,35,23,10,123,30,1*43
$GBGSV,3,1,10,27,26,179,38,07,36,124,38,06,40,073,38,32,74,308,43,3*7F
$GBGSV,3,2,10,30,53,251,30,41,36,057,35,11,42,293,39,20,22,256,27,3*72
$GBGSV,3,3,10,29,25,311,34,25,16,077,34,3*7A
$GBGSV,3,1,11,27,26,179,37,07,36,124,39,06,40,073,39,32,74,308,43,5*77
$GBGSV,3,2,11,30,53,251,37,41,36,057,43,11,42,293,43,20,22,256,29,5*70
$GBGSV,3,3,11,29,25,311,35,25,16,077,38,23,10,123,39,5*4A
$GBGSV,3,1,12,02,43,175,45,03,32,134,37,27,26,179,39,07,36,124,42,6*70
$GBGSV,3,2,12,06,40,073,38,32,74,308,45,30,53,251,39,41,36,057,43,6*7A
$GBGSV,3,3,12,11,42,293,44,29,25,311,37,25,16,077,43,23,10,123,40,6*74
$GBGSV,4,1,16,02,43,175,44,03,32,134,41,01,,,35,27,26,179,42,8*45
$GBGSV,4,2,16,07,36,124,45,06,40,073,42,09,63,042,40,32,74,308,45,8*7C
$GBGSV,4,3,16,30,53,251,38,41,36,057,42,11,42,293,45,20,22,256,27,8*7A
$GBGSV,4,4,16,29,25,311,37,10,28,135,31,25,16,077,43,23,10,123,39,8*70
$GBGSV,1,1,02,09,63,042,41,10,28,135,29,B*0F
$GAGSV,2,1,06,34,25,135,38,08,49,212,40,05,20,046,44,32,,,44,1*48
$GAGSV,2,2,06,03,71,067,42,13,43,312,41,1*71
$GAGSV,2,1,06,34,25,135,37,08,49,212,42,05,20,046,44,32,,,46,2*44
$GAGSV,2,2,06,03,71,067,43,13,43,312,43,2*71
$GAGSV,2,1,06,34,25,135,32,08,49,212,42,05,20,046,43,32,,,45,5*42
$GAGSV,2,2,06,03,71,067,42,13,43,312,41,5*75
$GAGSV,2,1,06,34,25,135,38,08,49,212,40,05,20,046,30,32,,,41,7*48
$GAGSV,2,2,06,03,71,067,40,13,43,312,40,7*74
$GQGSV,1,1,02,03,11,128,26,55,38,160,37,1*63
$GQGSV,1,1,01,03,11,128,38,6*50
$GQGSV,1,1,01,03,11,128,40,8*51
$GIGSV,2,1,07,09,48,225,36,05,,,39,02,14,206,24,10,16,119,42,1*4F
$GIGSV,2,2,07,01,,,38,07,,,38,03,,,43,1*78
$GIGSV,1,1,03,41,40,171,37,45,37,156,34,40,36,211,36,5*4E
#PPPNAVA,95,GPS,FINE,2424,33960000,0,0,18,24;SOL_COMPUTED,PPP_CONVERGING,30.00019213049,149.99968566650,2884.0844,-39.9014,WGS84,1.6712,1.3294,2.3222,"9901",10.000,0.000,45,34,34,33,1,00,07,ff*10f972b6
$GNRMC,092543.00,A,3000.02024181,N,14959.99366403,E,0.008,115.0,210626,1.2,E,D,C*4C
$GNGGA,092543.00,3000.02024181,N,14959.99366403,E,2,28,0.6,2883.8101,M,-39.9013,M,2.0,144*77
$GNGSA,M,3,08,10,18,23,24,27,32,,,,,,1.2,0.6,1.0,1*3A
$GNGSA,M,3,68,69,70,85,,,,,,,,,1.2,0.6,1.0,2*31
$GNGSA,M,3,03,08,13,34,,,,,,,,,1.2,0.6,1.0,3*35
$GNGSA,M,3,02,03,06,07,09,10,11,25,27,29,30,32,1.2,0.6,1.0,4*3F
$GNGSA,M,3,41,,,,,,,,,,,,1.2,0.6,1.0,4*39
$GPGSV,2,1,08,24,31,060,33,18,25,147,40,02,16,316,28,32,51,229,37,1*66
$GPGSV,2,2,08,10,70,343,43,27,26,251,32,08,22,288,34,23,54,071,41,1*61
$GPGSV,2,1,06,24,31,060,36,18,25,147,30,32,51,229,33,10,70,343,42,4*64
$GPGSV,2,2,06,08,22,288,36,23,54,071,33,4*6E
$GPGSV,2,1,07,24,31,060,37,18,25,147,36,32,51,229,31,10,70,343,39,6*6E
$GPGSV,2,2,07,27,26,251,29,08,22,288,38,23,54,071,38,6*54
$GPGSV,2,1,07,24,31,060,45,18,25,147,43,32,51,229,36,10,70,343,44,8*6A
$GPGSV,2,2,07,27,26,251,32,08,22,288,43,23,54,071,43,8*50
$GPGSV,1,1,02,18,25,147,39,23,54,071,41,9*6B
$GLGSV,2,1,07,68,32,041,37,78,12,070,33,69,69,331,40,83,29,168,33,1*73
$GLGSV,2,2,07,70,33,253,30,85,39,322,40,84,73,243,38,1*49
$GLGSV,2,1,07,68,32,041,42,78,12,070,41,69,69,331,42,83,29,168,42,3*72
$GLGSV,2,2,07,70,33,253,35,85,39,322,41,84,73,243,40,3*40
$GLGSV,2,1,05,68,32,041,39,69,69,331,42,83,29,168,42,85,39,322,39,5*7A
$GLGSV,2,2,05,84,73,243,38,5*4F
$GBGSV,1,1,01,B*04
$GBGSV,5,1,19,67,43,175,38,66,32,134,31,65,10,109,32,02,43,175,39,1*76
$GBGSV,5,2,19,03,32,134,35,01,,,33,27,26,179,41,07,36,124,40,1*40
$GBGSV,5,3,19,06,40,073,40,09,63,042,40,32,74,308,44,30,53,251,35,1*78
$GBGSV,5,4,19,41,36,057,40,11,42,293,41,20,22,256,29,29,25,311,38,1*7E
$GBGSV,5,5,19,10,28,135,37,25,16,077,34,23,10,123,29,1*4A
$GBGSV,3,1,10,27,26,179,38,07,36,124,38,06,40,073,38,32,74,308,43,3*7F
$GBGSV,3,2,10,30,53,251,29,41,36,057,35,11,42,293,39,20,22,256,25,3*78
$GBGSV,3,3,10,29,25,311,35,25,16,077,34,3*7B
$GBGSV,3,1,11,27,26,179,37,07,36,124,39,06,40,073,39,32,74,308,43,5*77
$GBGSV,3,2,11,30,53,251,37,41,36,057,42,11,42,293,43,20,22,256,28,5*70
$GBGSV,3,3,11,29,25,311,35,25,16,077,38,23,10,123,39,5*4A
$GBGSV,3,1,12,02,43,175,45,03,32,134,37,27,26,179,39,07,36,124,42,6*70
$GBGSV,3,2,12,06,40,073,38,32,74,308,44,30,53,251,39,41,36,057,43,6*7B
$GBGSV,3,3,12,11,42,293,44,29,25,311,37,25,16,077,42,23,10,123,40,6*75
$GBGSV,4,1,16,02,43,175,44,03,32,134,41,01,,,36,27,26,179,42,8*46
$GBGSV,4,2,16,07,36,124,45,06,40,073,42,09,63,042,40,32,74,308,45,8*7C
$GBGSV,4,3,16,30,53,251,38,41,36,057,42,11,42,293,45,20,22,256,27,8*7A
$GBGSV,4,4,16,29,25,311,37,10,28,135,31,25,16,077,43,23,10,123,39,8*70
$GBGSV,1,1,02,09,63,042,41,10,28,135,29,B*0F
$GAGSV,2,1,06,34,25,135,38,08,49,212,40,05,20,046,43,32,,,44,1*4F
$GAGSV,2,2,06,03,71,067,42,13,43,312,41,1*71
$GAGSV,2,1,06,34,25,135,37,08,49,212,42,05,20,046,44,32,,,46,2*44
$GAGSV,2,2,06,03,71,067,43,13,43,312,43,2*71
$GAGSV,2,1,06,34,25,135,33,08,49,212,42,05,20,046,43,32,,,45,5*43
$GAGSV,2,2,06,03,71,067,43,13,43,312,41,5*74
$GAGSV,2,1,06,34,25,135,38,08,49,212,40,05,20,046,29,32,,,41,7*40
$GAGSV,2,2,06,03,71,067,40,13,43,312,40,7*74
$GQGSV,1,1,02,03,11,128,25,55,38,160,37,1*60
$GQGSV,1,1,01,03,11,128,38,6*50
$GQGSV,1,1,01,03,11,128,40,8*51
$GIGSV,2,1,07,09,48,225,36,05,,,39,02,14,206,23,10,16,119,42,1*48
$GIGSV,2,2,07,01,,,37,07,,,38,03,,,43,1*77
$GIGSV,1,1,03,41,40,171,37,45,37,156,34,40,36,211,36,5*4E
#PPPNAVA,95,GPS,FINE,2424,33961000,0,0,18,24;SOL_COMPUTED,PPP_CONVERGING,30.00034695564,149.99987293418,2884.0830,-39.9014,WGS84,1.6667,1.3261,2.3173,"9901",1.000,0.000,45,34,34,33,1,00,07,ff*fba4fae1
$GNRMC,092544.00,A,3000.01408338,N,15000.02636149,E,0.005,117.9,210626,1.2,E,D,C*49
$GNGGA,092544.00,3000.01408338,N,15000.02636149,E,2,28,0.6,2883.8162,M,-39.9013,M,3.0,144*70
$GNGSA,M,3,08,10,18,23,24,27,32,,,,,,1.2,0.6,1.0,1*3A
$GNGSA,M,3,68,69,70,85,,,,,,,,,1.2,0.6,1.0,2*31
$GNGSA,M,3,03,08,13,34,,,,,,,,,1.2,0.6,1.0,3*35
$GNGSA,M,3,02,03,06,07,09,10,11,25,27,29,30,32,1.2,0.6,1.0,4*3F
$GNGSA,M,3,41,,,,,,,,,,,,1.2,0.6,1.0,4*39
$GPGSV,2,1,08,24,31,060,34,18,25,147,40,02,16,316,28,32,51,229,38,1*6E
$GPGSV,2,2,08,10,70,343,43,27,26,251,25,08,22,288,34,23,54,071,42,1*64
$GPGSV,2,1,06,24,31,060,36,18,25,147,31,32,51,229,33,10,70,343,42,4*65
$GPGSV,2,2,06,08,22,288,35,23,54,071,33,4*6D
$GPGSV,2,1,07,24,31,060,37,18,25,147,36,32,51,229,31,10,70,343,40,6*60
$GPGSV,2,2,07,27,26,251,26,08,22,288,38,23,54,071,38,6*5B
$GPGSV,2,1,07,24,31,060,45,18,25,147,43,32,51,229,35,10,70,343,44,8*69
$GPGSV,2,2,07,27,26,251,28,08,22,288,42,23,54,071,43,8*5A
$GPGSV,1,1,02,18,25,147,39,23,54,071,41,9*6B
$GLGSV,2,1,07,68,32,041,36,78,12,070,32,69,69,331,40,83,29,168,35,1*75
$GLGSV,2,2,07,70,33,253,30,85,39,322,39,84,73,243,38,1*47
$GLGSV,2,1,07,68,32,041,43,78,12,070,41,69,69,331,42,83,29,168,42,3*73
$GLGSV,2,2,07,70,33,253,36,85,39,322,41,84,73,243,40,3*43
$GLGSV,2,1,05,68,32,041,39,69,69,331,42,83,29,168,42,85,39,322,39,5*7A
$GLGSV,2,2,05,84,73,243,37,5*40
$GBGSV,1,1,01,B*04
$GBGSV,5,1,19,67,43,175,38,66,32,134,31,65,10,109,32,02,43,175,39,1*76
$GBGSV,5,2,19,03,32,134,34,01,,,32,27,26,179,40,07,36,124,40,1*41
$GBGSV,5,3,19,06,40,073,39,09,63,042,40,32,74,308,44,30,53,251,36,1*75
$GBGSV,5,4,19,41,36,057,40,11,42,293,41,20,22,256,26,29,25,311,38,1*71
$GBGSV,5,5,19,10,28,135,37,25,16,077,34,23,10,123,31,1*43
$GBGSV,3,1,10,27,26,179,37,07,36,124,38,06,40,073,37,32,74,308,43,3*7F
$GBGSV,3,2,10,30,53,251,30,41,36,057,35,11,42,293,38,20,22,256,22,3*76
$GBGSV,3,3,10,29,25,311,35,25,16,077,34,3*7B
$GBGSV,3,1,11,27,26,179,38,07,36,124,39,06,40,073,38,32,74,308,43,5*79
$GBGSV,3,2,11,30,53,251,37,41,36,057,42,11,42,293,43,20,22,256,27,5*7F
$GBGSV,3,3,11,29,25,311,35,25,16,077,39,23,10,123,39,5*4B
$GBGSV,3,1,12,02,43,175,45,03,32,134,38,27,26,179,39,07,36,124,42,6*7F
$GBGSV,3,2,12,06,40,073,38,32,74,308,44,30,53,251,39,41,36,057,43,6*7B
$GBGSV,3,3,12,11,42,293,44,29,25,311,38,25,16,077,42,23,10,123,40,6*7A
$GBGSV,4,1,16,02,43,175,44,03,32,134,41,01,,,36,27,26,179,42,8*46
$GBGSV,4,2,16,07,36,124,45,06,40,073,42,09,63,042,40,32,74,308,45,8*7C
$GBGSV,4,3,16,30,53,251,39,41,36,057,43,11,42,293,45,20,22,256,26,8*7B
$GBGSV,4,4,16,29,25,311,38,10,28,135,30,25,16,077,43,23,10,123,39,8*7E
$GBGSV,1,1,02,09,63,042,41,10,28,135,31,B*06
$GAGSV,2,1,06,34,25,135,38,08,49,212,40,05,20,046,43,32,,,44,1*4F
$GAGSV,2,2,06,03,71,067,42,13,43,312,41,1*71
$GAGSV,2,1,06,34,25,135,37,08,49,212,42,05,20,046,44,32,,,46,2*44
$GAGSV,2,2,06,03,71,067,43,13,43,312,43,2*71
$GAGSV,2,1,06,34,25,135,32,08,49,212,42,05,20,046,43,32,,,45,5*42
$GAGSV,2,2,06,03,71,067,43,13,43,312,41,5*74
$GAGSV,2,1,06,34,25,135,38,08,49,212,40,05,20,046,29,32,,,41,7*40
$GAGSV,2,2,06,03,71,067,40,13,43,312,40,7*74
$GQGSV,1,1,02,03,11,128,25,55,38,160,37,1*60
$GQGSV,1,1,01,03,11,128,38,6*50
$GQGSV,1,1,01,03,11,128,40,8*51
$GIGSV,2,1,07,09,48,225,36,05,,,39,02,14,206,22,10,16,119,42,1*49
$GIGSV,2,2,07,01,,,37,07,,,38,03,,,43,1*77
$GIGSV,1,1,03,41,40,171,37,45,37,156,35,40,36,211,36,5*4F
#PPPNAVA,95,GPS,FINE,2424,33962000,0,0,18,24;SOL_COMPUTED,PPP_CONVERGING,30.00024423711,150.00041778091,2884.0609,-39.9014,WGS84,1.6632,1.3239,2.3140,"9901",2.000,0.000,45,33,33,33,1,00,07,ff*64865e11
$GNRMC,092545.00,A,3000.00615046,N,15000.00785247,E,0.004,107.9,210626,1.2,E,D,C*4B
$GNGGA,092545.00,3000.00615046,N,15000.00785247,E,2,28,0.6,2883.8191,M,-39.9013,M,4.0,144*79
$GNGSA,M,3,08,10,18,23,24,27,32,,,,,,1.2,0.6,1.0,1*3A
$GNGSA,M,3,68,69,70,85,,,,,,,,,1.2,0.6,1.0,2*31
$GNGSA,M,3,03,08,13,34,,,,,,,,,1.2,0.6,1.0,3*35
$GNGSA,M,3,02,03,06,07,09,10,11,25,27,29,30,32,1.2,0.6,1.0,4*3F
$GNGSA,M,3,41,,,,,,,,,,,,1.2,0.6,1.0,4*39
$GPGSV,2,1,08,24,31,060,35,18,25,147,40,02,16,316,28,32,51,229,38,1*6F
$GPGSV,2,2,08,10,70,343,43,27,26,251,25,08,22,288,34,23,54,071,42,1*64
$GPGSV,2,1,06,24,31,060,37,18,25,147,30,32,51,229,34,10,70,343,42,4*62
$GPGSV,2,2,06,08,22,288,35,23,54,071,33,4*6D
$GPGSV,2,1,07,24,31,060,37,18,25,147,35,32,51,229,31,10,70,343,40,6*63
$GPGSV,2,2,07,27,26,251,25,08,22,288,38,23,54,071,38,6*58
$GPGSV,2,1,07,24,31,060,45,18,25,147,43,32,51,229,35,10,70,343,43,8*6E
$GPGSV,2,2,07,27,26,251,25,08,22,288,41,23,54,071,43,8*54
$GPGSV,1,1,02,18,25,147,40,23,54,071,41,9*65
$GLGSV,2,1,07,68,32,041,35,78,12,070,32,69,69,331,40,83,29,168,36,1*75
$GLGSV,2,2,07,70,33,253,29,85,39,322,40,84,73,243,38,1*41
$GLGSV,2,1,07,68,32,041,43,78,12,070,41,69,69,331,43,83,29,168,42,3*72
$GLGSV,2,2,07,70,33,253,36,85,39,322,41,84,73,243,41,3*42
$GLGSV,2,1,05,68,32,041,39,69,69,331,42,83,29,168,43,85,39,322,40,5*75
$GLGSV,2,2,05,84,73,243,37,5*40
$GBGSV,1,1,01,B*04
$GBGSV,5,1,19,67,43,175,38,66,32,134,31,65,10,109,32,02,43,175,39,1*76
$GBGSV,5,2,19,03,32,134,34,01,,,32,27,26,179,39,07,36,124,40,1*4F
$GBGSV,5,3,19,06,40,073,39,09,63,042,40,32,74,308,44,30,53,251,36,1*75
$GBGSV,5,4,19,41,36,057,39,11,42,293,41,20,22,256,24,29,25,311,37,1*72
$GBGSV,5,5,19,10,28,135,37,25,16,077,34,23,10,123,32,1*40
$GBGSV,3,1,11,27,26,179,36,07,36,124,38,06,40,073,37,32,74,308,43,3*7F
$GBGSV,3,2,11,30,53,251,31,41,36,057,35,11,42,293,38,20,22,256,20,3*74
$GBGSV,3,3,11,29,25,311,34,25,16,077,33,23,10,123,30,3*4F
$GBGSV,3,1,11,27,26,179,38,07,36,124,40,06,40,073,38,32,74,308,43,5*77
$GBGSV,3,2,11,30,53,251,38,41,36,057,41,11,42,293,43,20,22,256,29,5*7D
$GBGSV,3,3,11,29,25,311,35,25,16,077,39,23,10,123,39,5*4B
$GBGSV,3,1,12,02,43,175,45,03,32,134,38,27,26,179,40,07,36,124,42,6*71
$GBGSV,3,2,12,06,40,073,38,32,74,308,44,30,53,251,40,41,36,057,43,6*75
$GBGSV,3,3,12,11,42,293,44,29,25,311,38,25,16,077,43,23,10,123,39,6*75
$GBGSV,4,1,16,02,43,175,44,03,32,134,41,01,,,36,27,26,179,42,8*46
$GBGSV,4,2,16,07,36,124,45,06,40,073,42,09,63,042,40,32,74,308,45,8*7C
$GBGSV,4,3,16,30,53,251,39,41,36,057,43,11,42,293,45,20,22,256,27,8*7A
$GBGSV,4,4,16,29,25,311,38,10,28,135,31,25,16,077,43,23,10,123,40,8*71
$GBGSV,1,1,02,09,63,042,41,10,28,135,31,B*06
$GAGSV,2,1,06,34,25,135,38,08,49,212,40,05,20,046,43,32,,,44,1*4F
$GAGSV,2,2,06,03,71,067,42,13,43,312,41,1*71
$GAGSV,2,1,06,34,25,135,38,08,49,212,42,05,20,046,45,32,,,46,2*4A
$GAGSV,2,2,06,03,71,067,43,13,43,312,43,2*71
$GAGSV,2,1,06,34,25,135,32,08,49,212,42,05,20,046,44,32,,,45,5*45
$GAGSV,2,2,06,03,71,067,44,13,43,312,42,5*70
$GAGSV,2,1,06,34,25,135,38,08,49,212,40,05,20,046,29,32,,,42,7*43
$GAGSV,2,2,06,03,71,067,40,13,43,312,40,7*74
$GQGSV,1,1,02,03,11,128,25,55,38,160,37,1*60
$GQGSV,1,1,01,03,11,128,38,6*50
$GQGSV,1,1,01,03,11,128,40,8*51
$GIGSV,2,1,07,09,48,225,37,05,,,39,02,14,206,21,10,16,119,42,1*4B
$GIGSV,2,2,07,01,,,36,07,,,38,03,,,42,1*77
$GIGSV,1,1,03,41,40,171,37,45,37,156,35,40,36,211,36,5*4F
#PPPNAVA,95,GPS,FINE,2424,33963000,0,0,18,24;SOL_COMPUTED,PPP_CONVERGING,30.00011177256,150.00010935166,2884.0731,-39.9014,WGS84,1.6604,1.3218,2.3110,"9901",3.000,0.000,45,33,33,32,1,00,07,f7*b1d3c448
$GNRMC,092546.00,A,3000.00067066,N,15000.02098914,E,0.005,126.7,210626,1.2,E,D,C*41
$GNGGA,092546.00,3000.00067066,N,15000.02098914,E,2,28,0.6,2883.8218,M,-39.9013,M,5.0,144*7C
$GNGSA,M,3,08,10,18,23,24,27,32,,,,,,1.2,0.6,1.0,1*3A
$GNGSA,M,3,68,69,70,85,,,,,,,,,1.2,0.6,1.0,2*31
$GNGSA,M,3,03,08,13,34,,,,,,,,,1.2,0.6,1.0,3*35
$GNGSA,M,3,02,03,06,07,09,10,11,25,27,29,30,32,1.2,0.6,1.0,4*3F
$GNGSA,M,3,41,,,,,,,,,,,,1.2,0.6,1.0,4*39
$GPGSV,2,1,08,24,31,060,35,18,25,147,41,02,16,316,28,32,51,229,39,1*6F
$GPGSV,2,2,08,10,70,343,43,27,26,251,27,08,22,288,34,23,54,071,42,1*66
$GPGSV,2,1,06,24,31,060,36,18,25,147,32,32,51,229,33,10,70,343,42,4*66
$GPGSV,2,2,06,08,22,288,35,23,54,071,33,4*6D
$GPGSV,2,1,07,24,31,060,37,18,25,147,36,32,51,229,30,10,70,343,40,6*61
$GPGSV,2,2,07,27,26,251,25,08,22,288,38,23,54,071,38,6*58
$GPGSV,2,1,07,24,31,060,45,18,25,147,44,32,51,229,34,10,70,343,44,8*6F
$GPGSV,2,2,07,27,26,251,25,08,22,288,42,23,54,071,43,8*57
$GPGSV,1,1,02,18,25,147,40,23,54,071,41,9*65
$GLGSV,2,1,07,68,32,041,35,78,12,070,33,69,69,331,40,83,29,168,35,1*77
$GLGSV,2,2,07,70,33,253,30,85,39,322,40,84,73,243,39,1*48
$GLGSV,2,1,07,68,32,041,43,78,12,070,41,69,69,331,43,83,29,168,43,3*73
$GLGSV,2,2,07,70,33,253,37,85,39,322,40,84,73,243,40,3*43
$GLGSV,2,1,05,68,32,041,39,69,69,331,42,83,29,168,43,85,39,322,39,5*7B
$GLGSV,2,2,05,84,73,243,37,5*40
$GBGSV,1,1,01,B*04
$GBGSV,5,1,19,67,43,175,38,66,32,134,31,65,10,109,32,02,43,175,39,1*76
$GBGSV,5,2,19,03,32,134,35,01,,,33,27,26,179,40,07,36,124,39,1*4F
$GBGSV,5,3,19,06,40,073,39,09,63,042,40,32,74,308,44,30,53,251,36,1*75
$GBGSV,5,4,19,41,36,057,38,11,42,293,41,20,22,256,25,29,25,311,37,1*72
$GBGSV,5,5,19,10,28,135,37,25,16,077,34,23,10,123,31,1*43
$GBGSV,3,1,11,27,26,179,37,07,36,124,38,06,40,073,37,32,74,308,43,3*7E
$GBGSV,3,2,11,30,53,251,31,41,36,057,36,11,42,293,38,20,22,256,23,3*74
$GBGSV,3,3,11,29,25,311,34,25,16,077,32,23,10,123,30,3*4E
$GBGSV,3,1,11,27,26,179,38,07,36,124,39,06,40,073,38,32,74,308,42,5*78
$GBGSV,3,2,11,30,53,251,38,41,36,057,41,11,42,293,43,20,22,256,27,5*73
$GBGSV,3,3,11,29,25,311,35,25,16,077,39,23,10,123,39,5*4B
$GBGSV,3,1,12,02,43,175,45,03,32,134,38,27,26,179,40,07,36,124,42,6*71
$GBGSV,3,2,12,06,40,073,38,32,74,308,44,30,53,251,40,41,36,057,43,6*75
$GBGSV,3,3,12,11,42,293,44,29,25,311,38,25,16,077,43,23,10,123,40,6*7B
$GBGSV,4,1,16,02,43,175,44,03,32,134,41,01,,,36,27,26,179,42,8*46
$GBGSV,4,2,16,07,36,124,45,06,40,073,41,09,63,042,40,32,74,308,45,8*7F
$GBGSV,4,3,16,30,53,251,39,41,36,057,43,11,42,293,45,20,22,256,24,8*79
$GBGSV,4,4,16,29,25,311,38,10,28,135,30,25,16,077,43,23,10,123,40,8*70
$GBGSV,1,1,02,09,63,042,41,10,28,135,30,B*07
$GAGSV,2,1,06,34,25,135,38,08,49,212,40,05,20,046,43,32,,,44,1*4F
$GAGSV,2,2,06,03,71,067,42,13,43,312,41,1*71
$GAGSV,2,1,06,34,25,135,37,08,49,212,42,05,20,046,45,32,,,46,2*45
$GAGSV,2,2,06,03,71,067,43,13,43,312,42,2*70
$GAGSV,2,1,06,34,25,135,32,08,49,212,42,05,20,046,44,32,,,45,5*45
$GAGSV,2,2,06,03,71,067,43,13,43,312,41,5*74
$GAGSV,2,1,06,34,25,135,37,08,49,212,40,05,20,046,29,32,,,42,7*4C
$GAGSV,2,2,06,03,71,067,40,13,43,312,40,7*74
$GQGSV,1,1,02,03,11,128,25,55,38,160,37,1*60
$GQGSV,1,1,01,03,11,128,38,6*50
$GQGSV,1,1,01,03,11,128,40,8*51
$GIGSV,2,1,07,09,48,225,37,05,,,39,02,14,206,21,10,16,119,42,1*4B
$GIGSV,2,2,07,01,,,36,07,,,38,03,,,42,1*77
$GIGSV,1,1,03,41,40,171,37,45,37,156,35,40,36,211,36,5*4F
#PPPNAVA,95,GPS,FINE,2424,33964000,0,0,18,24;SOL_COMPUTED,PPP_CONVERGING,30.00002035402,150.00032849101,2884.0292,-39.9014,WGS84,1.6569,1.3197,2.3077,"9901",4.000,0.000,45,33,33,32,1,00,07,f7*7880597a
$GNRMC,092547.00,A,2959.98612917,N,15000.00485346,E,0.003,154.0,210626,1.2,E,D,C*4D
$GNGGA,092547.00,2959.98612917,N,15000.00485346,E,2,28,0.6,2883.8254,M,-39.9013,M,2.0,144*7B
$GNGSA,M,3,08,10,18,23,24,27,32,,,,,,1.2,0.6,1.0,1*3A
$GNGSA,M,3,68,69,70,85,,,,,,,,,1.2,0.6,1.0,2*31
$GNGSA,M,3,03,08,13,34,,,,,,,,,1.2,0.6,1.0,3*35
$GNGSA,M,3,02,03,06,07,09,10,11,25,27,29,30,32,1.2,0.6,1.0,4*3F
$GNGSA,M,3,41,,,,,,,,,,,,1.2,0.6,1.0,4*39
$GPGSV,2,1,08,24,31,060,36,18,25,147,41,02,16,316,28,32,51,229,38,1*6D
$GPGSV,2,2,08,10,70,343,43,27,26,251,28,08,22,288,34,23,54,071,42,1*69
$GPGSV,2,1,06,24,31,060,36,18,25,147,32,32,51,229,33,10,70,343,42,4*66
$GPGSV,2,2,06,08,22,288,34,23,54,071,34,4*6B
$GPGSV,2,1,07,24,31,060,36,18,25,147,36,32,51,229,30,10,70,343,39,6*6E
$GPGSV,2,2,07,27,26,251,26,08,22,288,37,23,54,071,38,6*54
$GPGSV,2,1,07,24,31,060,45,18,25,147,43,32,51,229,34,10,70,343,43,8*6F
$GPGSV,2,2,07,27,26,251,30,08,22,288,42,23,54,071,43,8*53
$GPGSV,1,1,02,18,25,147,40,23,54,071,42,9*66
$GLGSV,2,1,07,68,32,041,35,78,12,070,33,69,69,331,40,83,29,168,35,1*77
$GLGSV,2,2,07,70,33,253,30,85,39,322,39,84,73,243,39,1*46
$GLGSV,2,1,07,68,32,041,43,78,12,070,41,69,69,331,43,83,29,168,43,3*73
$GLGSV,2,2,07,70,33,253,36,85,39,322,40,84,73,243,41,3*43
$GLGSV,2,1,05,68,32,041,39,69,69,331,42,83,29,168,42,85,39,322,39,5*7A
$GLGSV,2,2,05,84,73,243,37,5*40
$GBGSV,1,1,01,B*04
$GBGSV,5,1,19,67,43,175,38,66,32,134,31,65,10,109,32,02,43,175,39,1*76
$GBGSV,5,2,19,03,32,134,34,01,,,33,27,26,179,40,07,36,124,39,1*4E
$GBGSV,5,3,19,06,40,073,39,09,63,042,40,32,74,308,44,30,53,251,36,1*75
$GBGSV,5,4,19,41,36,057,39,11,42,293,41,20,22,256,23,29,25,311,37,1*75
$GBGSV,5,5,19,10,28,135,37,25,16,077,33,23,10,123,31,1*44
$GBGSV,3,1,11,27,26,179,36,07,36,124,38,06,40,073,37,32,74,308,43,3*7F
$GBGSV,3,2,11,30,53,251,30,41,36,057,36,11,42,293,38,20,22,256,21,3*77
$GBGSV,3,3,11,29,25,311,34,25,16,077,32,23,10,123,31,3*4F
$GBGSV,3,1,11,27,26,179,39,07,36,124,39,06,40,073,38,32,74,308,42,5*79
$GBGSV,3,2,11,30,53,251,38,41,36,057,42,11,42,293,43,20,22,256,27,5*70
$GBGSV,3,3,11,29,25,311,35,25,16,077,39,23,10,123,39,5*4B
$GBGSV,3,1,12,02,43,175,45,03,32,134,38,27,26,179,40,07,36,124,42,6*71
$GBGSV,3,2,12,06,40,073,38,32,74,308,44,30,53,251,40,41,36,057,43,6*75
$GBGSV,3,3,12,11,42,293,44,29,25,311,38,25,16,077,43,23,10,123,40,6*7B
$GBGSV,4,1,16,02,43,175,44,03,32,134,41,01,,,35,27,26,179,42,8*45
$GBGSV,4,2,16,07,36,124,45,06,40,073,41,09,63,042,40,32,74,308,45,8*7F
$GBGSV,4,3,16,30,53,251,38,41,36,057,43,11,42,293,45,20,22,256,22,8*7E
$GBGSV,4,4,16,29,25,311,37,10,28,135,30,25,16,077,43,23,10,123,40,8*7F
$GBGSV,1,1,02,09,63,042,41,10,28,135,30,B*07
$GAGSV,2,1,06,34,25,135,38,08,49,212,40,05,20,046,43,32,,,44,1*4F
$GAGSV,2,2,06,03,71,067,42,13,43,312,41,1*71
$GAGSV,2,1,06,34,25,135,38,08,49,212,42,05,20,046,45,32,,,46,2*4A
$GAGSV,2,2,06,03,71,067,44,13,43,312,42,2*77
$GAGSV,2,1,06,34,25,135,31,08,49,212,42,05,20,046,44,32,,,45,5*46
$GAGSV,2,2,06,03,71,067,43,13,43,312,41,5*74
$GAGSV,2,1,06,34,25,135,37,08,49,212,40,05,20,046,29,32,,,41,7*4F
$GAGSV,2,2,06,03,71,067,39,13,43,312,40,7*7A
$GQGSV,1,1,02,03,11,128,23,55,38,160,37,1*66
$GQGSV,1,1,01,03,11,128,38,6*50
$GQGSV,1,1,01,03,11,128,40,8*51
$GIGSV,2,1,07,09,48,225,36,05,,,40,02,14,206,19,10,16,119,42,1*4F
$GIGSV,2,2,07,01,,,37,07,,,38,03,,,42,1*76
$GIGSV,1,1,03,41,40,171,37,45,37,156,35,40,36,211,36,5*4F
#PPPNAVA,95,GPS,FINE,2424,33965000,0,0,18,24;SOL_COMPUTED,PPP_CONVERGING,29.99977759850,150.00005962261,2884.0039,-39.9014,WGS84,1.6535,1.3175,2.3043,"9901",5.000,0.000,45,33,33,33,1,00,07,f7*7db113d6
$GNRMC,092548.00,A,2959.97414852,N,14959.99199685,E,0.004,165.9,210626,1.2,E,D,C*43
$GNGGA,092548.00,2959.97414852,N,14959.99199685,E,2,28,0.6,2883.8293,M,-39.9013,M,2.0,144*72
$GNGSA,M,3,08,10,18,23,24,27,32,,,,,,1.2,0.6,1.0,1*3A
$GNGSA,M,3,68,69,70,85,,,,,,,,,1.2,0.6,1.0,2*31
$GNGSA,M,3,03,08,13,34,,,,,,,,,1.2,0.6,1.0,3*35
$GNGSA,M,3,02,03,06,07,09,10,11,25,27,29,30,32,1.2,0.6,1.0,4*3F
$GNGSA,M,3,41,,,,,,,,,,,,1.2,0.6,1.0,4*39
$GPGSV,2,1,08,24,31,060,37,18,25,147,41,02,16,316,27,32,51,229,39,1*62
$GPGSV,2,2,08,10,70,343,43,27,26,251,28,08,22,288,33,23,54,071,42,1*6E
$GPGSV,2,1,06,24,31,060,37,18,25,147,32,32,51,229,33,10,70,343,41,4*64
$GPGSV,2,2,06,08,22,288,35,23,54,071,33,4*6D
$GPGSV,2,1,07,24,31,060,36,18,25,147,37,32,51,229,30,10,70,343,39,6*6F
$GPGSV,2,2,07,27,26,251,27,08,22,288,38,23,54,071,38,6*5A
$GPGSV,2,1,07,24,31,060,45,18,25,147,43,32,51,229,35,10,70,343,43,8*6E
$GPGSV,2,2,07,27,26,251,30,08,22,288,42,23,54,071,43,8*53
$GPGSV,1,1,02,18,25,147,40,23,54,071,41,9*65
$GLGSV,2,1,07,68,32,041,36,78,12,070,33,69,69,331,40,83,29,168,35,1*74
$GLGSV,2,2,07,70,33,253,30,85,39,322,40,84,73,243,39,1*48
$GLGSV,2,1,07,68,32,041,44,78,12,070,41,69,69,331,43,83,29,168,42,3*75
$GLGSV,2,2,07,70,33,253,35,85,39,322,40,84,73,243,41,3*40
$GLGSV,2,1,05,68,32,041,39,69,69,331,43,83,29,168,42,85,39,322,39,5*7B
$GLGSV,2,2,05,84,73,243,37,5*40
$GBGSV,1,1,01,B*04
$GBGSV,5,1,19,67,43,175,38,66,32,134,31,65,10,109,32,02,43,175,39,1*76
$GBGSV,5,2,19,03,32,134,34,01,,,33,27,26,179,40,07,36,124,39,1*4E
$GBGSV,5,3,19,06,40,073,39,09,63,042,40,32,74,308,44,30,53,251,36,1*75
$GBGSV,5,4,19,41,36,057,37,11,42,293,41,20,22,256,23,29,25,311,37,1*7B
$GBGSV,5,5,19,10,28,135,36,25,16,077,34,23,10,123,31,1*42
$GBGSV,3,1,11,27,26,179,37,07,36,124,38,06,40,073,37,32,74,308,43,3*7E
$GBGSV,3,2,11,30,53,251,30,41,36,057,36,11,42,293,39,20,22,256,18,3*7C
$GBGSV,3,3,11,29,25,311,34,25,16,077,32,23,10,123,30,3*4E
$GBGSV,3,1,11,27,26,179,39,07,36,124,39,06,40,073,38,32,74,308,43,5*78
$GBGSV,3,2,11,30,53,251,38,41,36,057,42,11,42,293,43,20,22,256,28,5*7F
$GBGSV,3,3,11,29,25,311,35,25,16,077,39,23,10,123,39,5*4B
$GBGSV,3,1,12,02,43,175,46,03,32,134,38,27,26,179,40,07,36,124,42,6*72
$GBGSV,3,2,12,06,40,073,37,32,74,308,44,30,53,251,40,41,36,057,43,6*7A
$GBGSV,3,3,12,11,42,293,44,29,25,311,38,25,16,077,43,23,10,123,40,6*7B
$GBGSV,4,1,16,02,43,175,44,03,32,134,41,01,,,35,27,26,179,42,8*45
$GBGSV,4,2,16,07,36,124,45,06,40,073,41,09,63,042,40,32,74,308,45,8*7F
$GBGSV,4,3,16,30,53,251,38,41,36,057,43,11,42,293,45,20,22,256,25,8*79
$GBGSV,4,4,16,29,25,311,37,10,28,135,30,25,16,077,43,23,10,123,39,8*71
$GBGSV,1,1,02,09,63,042,41,10,28,135,30,B*07
$GAGSV,2,1,06,34,25,135,38,08,49,212,40,05,20,046,43,32,,,44,1*4F
$GAGSV,2,2,06,03,71,067,42,13,43,312,41,1*71
$GAGSV,2,1,06,34,25,135,38,08,49,212,42,05,20,046,45,32,,,46,2*4A
$GAGSV,2,2,06,03,71,067,44,13,43,312,43,2*76
$GAGSV,2,1,06,34,25,135,32,08,49,212,43,05,20,046,44,32,,,46,5*47
$GAGSV,2,2,06,03,71,067,43,13,43,312,41,5*74
$GAGSV,2,1,06,34,25,135,37,08,49,212,40,05,20,046,29,32,,,41,7*4F
$GAGSV,2,2,06,03,71,067,39,13,43,312,40,7*7A
$GQGSV,1,1,02,03,11,128,26,55,38,160,37,1*63
$GQGSV,1,1,01,03,11,128,38,6*50
$GQGSV,1,1,01,03,11,128,40,8*51
$GIGSV,2,1,07,09,48,225,37,05,,,39,02,13,206,19,10,16,119,42,1*47
$GIGSV,2,2,07,01,,,37,07,,,39,03,,,42,1*77
$GIGSV,1,1,03,41,40,171,37,45,37,156,35,40,36,211,36,5*4F
#PPPNAVA,95,GPS,FINE,2424,33966000,0,0,18,24;SOL_COMPUTED,PPP_CONVERGING,29.99957801150,149.99984552327,2884.0058,-39.9014,WGS84,1.6500,1.3153,2.3009,"9901",6.000,0.000,45,34,34,33,1,00,07,f7*cab37c1b
$GNRMC,092549.00,A,2959.94842892,N,14959.98094886,E,0.004,170.7,210626,1.2,E,D,C*48
$GNGGA,092549.00,2959.94842892,N,14959.98094886,E,2,28,0.6,2883.8330,M,-39.9013,M,2.0,144*7B
$GNGSA,M,3,08,10,18,23,24,27,32,,,,,,1.2,0.6,1.0,1*3A
$GNGSA,M,3,68,69,70,85,,,,,,,,,1.2,0.6,1.0,2*31
$GNGSA,M,3,03,08,13,34,,,,,,,,,1.2,0.6,1.0,3*35
$GNGSA,M,3,02,03,06,07,09,10,11,25,27,29,30,32,1.2,0.6,1.0,4*3F
$GNGSA,M,3,41,,,,,,,,,,,,1.2,0.6,1.0,4*39
$GPGSV,2,1,08,24,31,060,37,18,25,147,41,02,16,316,26,32,51,229,39,1*63
$GPGSV,2,2,08,10,70,343,43,27,26,251,30,08,22,288,34,23,54,071,42,1*60
$GPGSV,2,1,06,24,31,060,37,18,25,147,32,32,51,229,34,10,70,343,42,4*60
$GPGSV,2,2,06,08,22,288,35,23,54,071,33,4*6D
$GPGSV,2,1,07,24,31,060,36,18,25,147,37,32,51,229,31,10,70,343,39,6*6E
$GPGSV,2,2,07,27,26,251,26,08,22,288,38,23,54,071,38,6*5B
$GPGSV,2,1,07,24,31,060,45,18,25,147,43,32,51,229,35,10,70,343,43,8*6E
$GPGSV,2,2,07,27,26,251,29,08,22,288,42,23,54,071,43,8*5B
$GPGSV,1,1,02,18,25,147,40,23,54,071,42,9*66
$GLGSV,2,1,07,68,32,041,36,78,12,070,34,69,69,331,41,83,29,168,35,1*72
$GLGSV,2,2,07,70,33,253,30,85,39,322,39,84,73,243,39,1*46
$GLGSV,2,1,07,68,32,041,44,78,12,070,41,69,69,331,42,83,29,168,42,3*74
$GLGSV,2,2,07,70,33,253,35,85,39,322,40,84,73,243,40,3*41
$GLGSV,2,1,05,68,32,041,39,69,69,331,43,83,29,168,43,85,39,322,39,5*7A
$GLGSV,2,2,05,84,73,243,37,5*40
$GBGSV,1,1,01,B*04
$GBGSV,5,1,19,67,43,175,38,66,32,134,32,65,10,109,32,02,43,175,39,1*75
$GBGSV,5,2,19,03,32,134,34,01,,,33,27,26,179,40,07,36,124,39,1*4E
$GBGSV,5,3,19,06,40,073,39,09,63,042,40,32,74,309,44,30,53,251,36,1*74
$GBGSV,5,4,19,41,36,057,37,11,42,293,41,20,22,256,20,29,25,311,36,1*79
$GBGSV,5,5,19,10,28,135,36,25,16,077,33,23,10,123,30,1*44
$GBGSV,3,1,11,27,26,179,37,07,36,124,38,06,40,073,37,32,74,309,43,3*7F
$GBGSV,3,2,11,30,53,251,30,41,36,057,37,11,42,293,39,20,22,256,16,3*73
$GBGSV,3,3,11,29,25,311,33,25,16,077,32,23,10,123,29,3*41
$GBGSV,3,1,11,27,26,179,39,07,36,124,39,06,40,073,38,32,74,309,42,5*78
$GBGSV,3,2,11,30,53,251,37,41,36,057,42,11,42,293,43,20,22,256,27,5*7F
$GBGSV,3,3,11,29,25,311,34,25,16,077,39,23,10,123,39,5*4A
$GBGSV,3,1,12,02,43,175,46,03,32,134,38,27,26,179,40,07,36,124,42,6*72
$GBGSV,3,2,12,06,40,073,37,32,74,309,44,30,53,251,40,41,36,057,43,6*7B
$GBGSV,3,3,12,11,42,293,45,29,25,311,37,25,16,077,43,23,10,123,40,6*75
$GBGSV,4,1,16,02,43,175,44,03,32,134,41,01,,,36,27,26,179,42,8*46
$GBGSV,4,2,16,07,36,124,44,06,40,073,42,09,63,042,40,32,74,309,45,8*7C
$GBGSV,4,3,16,30,53,251,39,41,36,057,43,11,42,293,45,20,22,256,26,8*7B
$GBGSV,4,4,16,29,25,311,36,10,28,135,30,25,16,077,43,23,10,123,39,8*70
$GBGSV,1,1,02,09,63,042,41,10,28,135,30,B*07
$GAGSV,2,1,06,34,25,135,38,08,49,212,41,05,20,046,43,32,,,44,1*4E
$GAGSV,2,2,06,03,71,067,42,13,43,312,41,1*71
$GAGSV,2,1,06,34,25,135,37,08,49,212,42,05,20,046,45,32,,,46,2*45
$GAGSV,2,2,06,03,71,067,44,13,43,312,43,2*76
$GAGSV,2,1,06,34,25,135,32,08,49,212,42,05,20,046,44,32,,,45,5*45
$GAGSV,2,2,06,03,71,067,44,13,43,312,41,5*73
$GAGSV,2,1,06,34,25,135,38,08,49,212,40,05,20,046,29,32,,,41,7*40
$GAGSV,2,2,06,03,71,067,40,13,43,312,40,7*74
$GQGSV,1,1,03,03,11,128,26,07,19,119,29,55,38,160,37,1*5F
$GQGSV,1,1,01,03,11,128,38,6*50
$GQGSV,1,1,01,03,11,128,40,8*51
$GIGSV,2,1,07,09,48,225,37,05,,,39,02,13,206,19,10,16,119,42,1*47
$GIGSV,2,2,07,01,,,37,07,,,38,03,,,43,1*77
$GIGSV,1,1,03,41,40,171,37,45,37,156,35,40,36,211,36,5*4F
#PPPNAVA,95,GPS,FINE,2424,33967000,0,0,18,23;SOL_COMPUTED,PPP_CONVERGING,29.99914906317,149.99966132212,2883.9989,-39.9014,WGS84,1.6464,1.3132,2.2975,"9901",7.000,0.000,46,33,33,33,1,00,07,f7*ea7d0623
$GNRMC,092550.00,A,2959.96211074,N,14959.98238004,E,0.006,169.8,210626,1.2,E,D,C*4D
$GNGGA,092550.00,2959.96211074,N,14959.98238004,E,2,28,0.6,2883.8372,M,-39.9013,M,3.0,144*7C
$GNGSA,M,3,08,10,18,23,24,27,32,,,,,,1.2,0.6,1.0,1*3A
$GNGSA,M,3,68,69,70,85,,,,,,,,,1.2,0.6,1.0,2*31
$GNGSA,M,3,03,08,13,34,,,,,,,,,1.2,0.6,1.0,3*35
$GNGSA,M,3,02,03,06,07,09,10,11,25,27,29,30,32,1.2,0.6,1.0,4*3F
$GNGSA,M,3,41,,,,,,,,,,,,1.2,0.6,1.0,4*39
$GPGSV,2,1,08,24,31,060,37,18,25,147,41,02,16,316,27,32,51,229,39,1*62
$GPGSV,2,2,08,10,70,343,43,27,26,251,30,08,22,288,34,23,54,071,42,1*60
$GPGSV,2,1,06,24,31,060,37,18,25,147,31,32,51,229,34,10,70,343,42,4*63
$GPGSV,2,2,06,08,22,288,35,23,54,071,32,4*6C
$GPGSV,2,1,07,24,31,060,36,18,25,147,37,32,51,229,31,10,70,343,39,6*6E
$GPGSV,2,2,07,27,26,251,26,08,22,288,38,23,54,071,37,6*54
$GPGSV,2,1,07,24,31,060,45,18,25,147,43,32,51,229,35,10,70,343,43,8*6E
$GPGSV,2,2,07,27,26,251,29,08,22,288,42,23,54,071,43,8*5B
$GPGSV,1,1,02,18,25,147,40,23,54,071,42,9*66
$GLGSV,2,1,07,68,32,041,36,78,12,070,33,69,69,331,41,83,29,168,35,1*75
$GLGSV,2,2,07,70,33,253,31,85,39,322,39,84,73,243,39,1*47
$GLGSV,2,1,07,68,32,041,44,78,12,070,41,69,69,331,43,83,29,168,43,3*74
$GLGSV,2,2,07,70,33,253,35,85,39,322,40,84,73,243,41,3*40
$GLGSV,2,1,05,68,32,041,39,69,69,331,43,83,29,168,43,85,39,322,39,5*7A
$GLGSV,2,2,05,84,73,243,37,5*40
$GBGSV,1,1,02,B*07
$GBGSV,5,1,19,67,43,175,38,66,32,134,31,65,10,109,32,02,43,175,39,1*76
$GBGSV,5,2,19,03,32,134,34,01,,,33,27,26,179,40,07,36,124,39,1*4E
$GBGSV,5,3,19,06,40,073,39,09,63,042,40,32,74,309,44,30,53,251,36,1*74
$GBGSV,5,4,19,41,36,057,37,11,42,293,41,20,22,256,19,29,25,311,37,1*72
$GBGSV,5,5,19,10,28,135,36,25,16,077,33,23,10,123,31,1*45
$GBGSV,3,1,11,27,26,179,37,07,36,124,38,06,40,073,38,32,74,309,43,3*70
$GBGSV,3,2,11,30,53,251,30,41,36,057,37,11,42,293,38,20,22,256,15,3*71
$GBGSV,3,3,11,29,25,311,34,25,16,077,32,23,10,123,29,3*46
$GBGSV,3,1,11,27,26,179,38,07,36,124,39,06,40,073,38,32,74,309,43,5*78
$GBGSV,3,2,11,30,53,251,38,41,36,057,42,11,42,293,43,20,22,256,27,5*70
$GBGSV,3,3,11,29,25,311,34,25,16,077,39,23,10,123,39,5*4A
$GBGSV,3,1,12,02,43,175,45,03,32,134,38,27,26,179,40,07,36,124,42,6*71
$GBGSV,3,2,12,06,40,073,37,32,74,309,44,30,53,251,40,41,36,057,43,6*7B
$GBGSV,3,3,12,11,42,293,44,29,25,311,36,25,16,077,43,23,10,123,39,6*7B
$GBGSV,4,1,16,02,43,175,44,03,32,134,41,01,,,36,27,26,179,42,8*46
$GBGSV,4,2,16,07,36,124,45,06,40,073,41,09,63,042,39,32,74,309,45,8*70
$GBGSV,4,3,16,30,53,251,39,41,36,057,43,11,42,293,45,20,22,256,26,8*7B
$GBGSV,4,4,16,29,25,311,36,10,28,135,30,25,16,077,43,23,10,123,39,8*70
$GBGSV,1,1,02,09,63,042,41,10,28,135,30,B*07
$GAGSV,2,1,06,34,25,135,38,08,49,212,41,05,20,046,43,32,,,44,1*4E
$GAGSV,2,2,06,03,71,067,42,13,43,312,41,1*71
$GAGSV,2,1,06,34,25,135,37,08,49,212,42,05,20,046,45,32,,,46,2*45
$GAGSV,2,2,06,03,71,067,44,13,43,312,43,2*76
$GAGSV,2,1,06,34,25,135,32,08,49,212,42,05,20,046,44,32,,,45,5*45
$GAGSV,2,2,06,03,71,067,44,13,43,312,41,5*73
$GAGSV,2,1,06,34,25,135,38,08,49,212,40,05,20,046,29,32,,,41,7*40
$GAGSV,2,2,06,03,71,067,40,13,43,312,40,7*74
$GQGSV,1,1,03,03,11,128,25,07,19,119,28,55,38,160,37,1*5D
$GQGSV,1,1,02,03,11,128,38,07,19,119,36,6*60
$GQGSV,1,1,02,03,11,128,40,07,19,119,39,8*6E
$GIGSV,2,1,07,09,48,225,38,05,,,39,02,13,206,19,10,16,119,42,1*48
$GIGSV,2,2,07,01,,,37,07,,,38,03,,,43,1*77
$GIGSV,1,1,03,41,40,171,37,45,37,156,35,40,36,211,37,5*4E
#PPPNAVA,95,GPS,FINE,2424,33968000,0,0,18,24;SOL_COMPUTED,PPP_CONVERGING,29.99937718740,149.99968522960,2883.9952,-39.9014,WGS84,1.6429,1.3110,2.2940,"9901",8.000,0.000,46,33,33,33,1,00,07,f7*189db0bf
