$GNRMC,103640.00,A,2959.99433004,N,15000.01008443,E,1.126,61.9,260426,1.8,E,D,C*7F
$GNGGA,103640.00,2959.99433004,N,15000.01008443,E,2,28,0.6,2187.4883,M,-39.6170,M,5.0,144*72
$GNGSA,M,3,05,10,15,18,20,23,29,,,,,,1.1,0.6,0.9,1*33
$GNGSA,M,3,67,82,,,,,,,,,,,1.1,0.6,0.9,2*3A
$GNGSA,M,3,04,06,09,10,11,36,,,,,,,1.1,0.6,0.9,3*3F
$GNGSA,M,3,02,03,06,09,13,27,28,30,32,33,41,,1.1,0.6,0.9,4*33
$GNGSA,M,3,03,07,,,,,,,,,,,1.1,0.6,0.9,5*32
$GPGSV,2,1,08,05,19,060,27,27,13,319,31,23,57,263,35,15,61,088,39,1*64
$GPGSV,2,2,08,29,36,172,30,20,41,060,32,10,22,248,25,18,75,345,41,1*61
$GLGSV,2,1,06,82,54,109,37,67,59,042,35,68,61,191,33,69,12,204,18,2*77
$GLGSV,2,2,06,81,09,126,28,83,60,335,39,2*70
$GBGSV,4,1,14,67,42,175,34,66,31,134,35,02,42,175,35,01,10,109,34,4*7C
$GBGSV,4,2,14,03,31,134,34,30,20,310,38,32,22,216,36,06,55,043,34,4*7F
$GBGSV,4,3,14,09,76,005,39,13,24,135,34,41,78,179,39,27,77,289,42,4*7D
$GBGSV,4,4,14,33,44,049,34,28,54,140,39,4*78
$GAGSV,3,1,10,36,64,323,38,10,25,095,32,06,51,105,36,34,17,291,23,3*78
$GAGSV,3,2,10,09,45,144,36,11,51,082,33,04,41,068,31,30,14,310,23,3*7D
$GAGSV,3,3,10,28,,,30,02,21,257,21,3*4D
$GQGSV,1,1,03,07,19,119,25,03,22,102,33,55,38,160,27,5*5A
$GIGSV,2,1,05,41,40,170,31,40,35,210,32,10,16,119,40,09,33,207,45,6*7F
$GIGSV,2,2,05,02,31,209,37,6*40
#PPPNAVA,94,GPS,FINE,2416,38218000,17548,0,18,24;SOL_COMPUTED,PPP_CONVERGING,29.99989736684,150.00014350125,2186.4379,-39.6170,WGS84,0.6635,0.5186,1.2077,"9901",8.000,3.000,41,32,32,29,10,00,27,ff*00a33596
