$GNRMC,112632.00,A,3000.02168045,N,14959.99290532,E,0.006,117.1,020626,3.6,E,A,C*44
$GNGGA,112632.00,3000.02168045,N,14959.99290532,E,1,17,1.1,858.0032,M,-40.3336,M,,*59
$GNGSA,M,3,08,27,28,32,,,,,,,,,1.8,1.1,1.4,1*37
$GNGSA,M,3,67,81,,,,,,,,,,,1.8,1.1,1.4,2*3A
$GNGSA,M,3,05,11,36,,,,,,,,,,1.8,1.1,1.4,3*33
$GNGSA,M,3,02,07,13,24,28,38,41,,,,,,1.8,1.1,1.4,4*31
$GNGSA,M,3,07,,,,,,,,,,,,1.8,1.1,1.4,5*32
$GPGSV,2,1,06,08,16,268,35,27,13,236,37,32,71,253,40,23,38,093,34,1*60
$GPGSV,2,2,06,28,21,179,39,49,,,35,1*55
$GPGSV,1,1,04,08,16,268,31,27,13,236,36,32,71,253,36,28,21,179,30,4*62
$GPGSV,2,1,05,08,16,268,29,27,13,236,37,32,71,253,35,23,38,093,32,6*6D
$GPGSV,2,2,05,28,21,179,37,6*54
$GPGSV,2,1,05,08,16,268,39,27,13,236,42,32,71,253,37,23,38,093,33,8*63
$GPGSV,2,2,05,28,21,179,42,8*58
$GPGSV,1,1,02,23,38,093,32,28,21,179,38,9*62
$GLGSV,1,1,03,76,16,101,34,81,53,212,38,67,42,273,33,1*4E
$GLGSV,1,1,03,76,16,101,36,81,53,212,41,67,42,273,38,3*4B
$GLGSV,1,1,01,76,16,101,32,5*4A
$GBGSV,1,1,01,B*04
$GBGSV,3,1,12,66,32,134,34,67,43,175,40,02,43,175,40,03,,,37,1*43
$GBGSV,3,2,12,07,47,119,39,13,39,215,44,28,46,257,39,41,29,269,42,1*7A
$GBGSV,3,3,12,10,40,133,34,24,20,122,41,38,22,192,40,33,72,322,33,1*75
$GBGSV,2,1,06,07,47,119,38,13,39,215,41,28,46,257,36,41,29,269,39,3*78
$GBGSV,2,2,06,24,20,122,37,38,22,192,37,3*76
$GBGSV,2,1,06,07,47,119,39,13,39,215,41,28,46,257,37,41,29,269,41,5*71
$GBGSV,2,2,06,24,20,122,39,38,22,192,39,5*70
$GBGSV,2,1,07,02,43,175,45,07,47,119,41,13,39,215,43,28,46,257,37,6*7F
$GBGSV,2,2,07,41,29,269,40,24,20,122,37,38,22,192,41,6*44
$GBGSV,3,1,10,02,43,175,43,03,,,41,07,47,119,44,13,39,215,42,8*4E
$GBGSV,3,2,10,28,46,257,40,41,29,269,42,10,40,133,38,24,20,122,43,8*7B
$GBGSV,3,3,10,38,22,192,39,33,72,322,30,8*70
$GBGSV,1,1,01,10,40,133,38,B*3B
$GAGSV,1,1,03,05,44,228,40,11,32,148,31,36,79,205,38,1*46
$GAGSV,1,1,03,05,44,228,42,11,32,148,36,36,79,205,41,2*4E
$GAGSV,1,1,03,05,44,228,38,11,32,148,31,36,79,205,35,5*40
$GAGSV,1,1,03,05,44,228,39,11,32,148,35,36,79,205,34,7*46
$GQGSV,1,1,03,07,19,119,31,55,38,160,41,56,19,119,34,1*5E
$GQGSV,1,1,01,07,19,119,37,6*51
$GQGSV,1,1,01,07,19,119,39,8*51
$GIGSV,2,1,06,02,10,204,41,03,,,42,05,,,37,01,,,45,1*4C
$GIGSV,2,2,06,07,,,41,10,16,118,36,1*42
$GIGSV,1,1,01,41,39,171,35,5*46
#PPPNAVA,97,GPS,FINE,2421,214010000,0,0,18,14;INSUFFICIENT_OBS,NONE,0.00000000000,0.00000000000,-17.0000,17.0000,WGS84,0.0000,0.0000,0.0000,"",0.000,0.000,0,0,0,0,0,00,00,00*de8c85ff
