$GNRMC,051219.00,A,3000.00132736,N,14959.98839085,E,0.074,340.9,210626,2.2,E,A,C*49
$GNGGA,051219.00,3000.00132736,N,14959.98839085,E,1,07,1.9,1823.1337,M,-40.0300,M,,*68
$GNGSA,M,3,09,30,34,36,,,,,,,,,3.2,1.9,2.5,3*39
$GNGSA,M,3,27,28,33,,,,,,,,,,3.2,1.9,2.5,4*39
$GPGSV,1,1,01,05,61,050,43,1*55
$GPGSV,1,1,01,05,61,050,42,4*51
$GPGSV,1,1,01,05,61,050,44,6*55
$GBGSV,2,1,06,27,38,302,41,28,80,351,42,06,,,44,09,81,194,35,1*46
$GBGSV,2,2,06,13,,,43,33,63,118,38,1*43
$GBGSV,1,1,02,27,38,302,38,28,80,351,40,3*73
$GBGSV,1,1,02,27,38,302,42,28,80,351,41,5*79
$GBGSV,1,1,04,27,38,302,40,28,80,351,40,33,63,118,42,42,28,045,42,6*7F
$GBGSV,2,1,05,27,38,302,41,28,80,351,39,06,,,45,09,81,194,32,8*46
$GBGSV,2,2,05,13,,,45,8*79
$GBGSV,1,1,01,09,81,194,39,B*32
$GAGSV,1,1,04,09,29,075,39,34,67,312,40,36,45,063,40,30,41,258,45,1*74
$GAGSV,1,1,04,09,29,075,41,34,67,312,41,36,45,063,43,30,41,258,45,2*7A
$GAGSV,1,1,04,09,29,075,39,34,67,312,41,36,45,063,42,30,41,258,44,5*72
$GAGSV,1,1,04,09,29,075,38,34,67,312,38,36,45,063,39,30,41,258,39,7*79
#PPPNAVA,97,GPS,FINE,2424,18757000,0,0,18,11;INSUFFICIENT_OBS,NONE,0.00000000000,0.00000000000,-17.0000,17.0000,WGS84,0.0000,0.0000,0.0000,"",0.000,0.000,0,0,0,0,0,00,00,00*2eff04f3
$GNRMC,051220.00,A,2959.99300819,N,14959.98652009,E,0.024,210.9,210626,2.2,E,A,C*40
$GNGGA,051220.00,2959.99300819,N,14959.98652009,E,1,07,1.9,1822.7750,M,-40.0300,M,,*62
$GNGSA,M,3,09,30,34,36,,,,,,,,,3.2,1.9,2.5,3*39
$GNGSA,M,3,27,28,33,,,,,,,,,,3.2,1.9,2.5,4*39
$GPGSV,2,1,05,05,61,050,43,18,41,289,40,21,28,049,36,26,17,301,31,1*6A
$GPGSV,2,2,05,29,82,228,39,1*52
$GPGSV,1,1,01,05,61,050,42,4*51
$GPGSV,1,1,01,05,61,050,43,6*52
$GBGSV,2,1,07,27,38,302,41,28,80,351,43,06,,,43,09,81,194,35,1*41
$GBGSV,2,2,07,13,,,43,33,63,118,39,42,28,045,35,1*78
$GBGSV,1,1,02,27,38,302,37,28,80,351,41,3*7D
$GBGSV,1,1,02,27,38,302,42,28,80,351,41,5*79
$GBGSV,1,1,04,27,38,302,40,28,80,351,40,33,63,118,41,42,28,045,42,6*7C
$GBGSV,2,1,07,27,38,302,41,28,80,351,39,06,,,45,09,81,194,32,8*44
$GBGSV,2,2,07,13,,,45,33,63,118,41,42,28,045,38,8*75
$GBGSV,1,1,01,09,81,194,39,B*32
$GAGSV,1,1,04,09,29,075,39,34,67,312,40,36,45,063,40,30,41,258,46,1*77
$GAGSV,1,1,04,09,29,075,41,34,67,312,41,36,45,063,43,30,41,258,45,2*7A
$GAGSV,1,1,04,09,29,075,39,34,67,312,41,36,45,063,43,30,41,258,44,5*73
$GAGSV,1,1,04,09,29,075,38,34,67,312,39,36,45,063,39,30,41,258,39,7*78
$GQGSV,1,1,01,03,,,38,1*6C
#PPPNAVA,97,GPS,FINE,2424,18758000,0,0,18,10;INSUFFICIENT_OBS,NONE,0.00000000000,0.00000000000,-17.0000,17.0000,WGS84,0.0000,0.0000,0.0000,"",0.000,0.000,0,0,0,0,0,00,00,00*3da70ccf
$GNRMC,051221.00,A,2959.98570127,N,14959.99440250,E,0.063,335.8,210626,2.2,E,A,C*4F
$GNGGA,051221.00,2959.98570127,N,14959.99440250,E,1,08,1.7,1813.8922,M,-40.0299,M,,*6F
$GNGSA,M,3,09,30,34,36,,,,,,,,,2.9,1.7,2.3,3*3B
$GNGSA,M,3,27,28,33,42,,,,,,,,,2.9,1.7,2.3,4*3D
$GPGSV,2,1,05,05,61,050,43,18,41,289,40,21,28,049,36,26,17,301,30,1*6B
$GPGSV,2,2,05,29,82,228,38,1*53
$GPGSV,1,1,01,05,61,050,42,4*51
$GPGSV,1,1,01,05,61,050,43,6*52
$GPGSV,1,1,02,18,41,289,43,26,17,301,38,8*6C
$GBGSV,2,1,07,27,38,302,41,28,80,351,42,06,67,052,43,09,81,194,35,1*76
$GBGSV,2,2,07,13,,,43,33,63,118,39,42,28,045,34,1*79
$GBGSV,1,1,03,27,38,302,37,28,80,351,40,33,63,118,36,3*45
$GBGSV,1,1,03,27,38,302,42,28,80,351,41,33,63,118,40,5*41
$GBGSV,1,1,04,27,38,302,41,28,80,351,40,33,63,118,42,42,28,045,42,6*7E
$GBGSV,2,1,07,27,38,302,41,28,80,351,39,06,67,052,45,09,81,194,32,8*72
$GBGSV,2,2,07,13,,,45,33,63,118,40,42,28,045,39,8*75
$GBGSV,1,1,01,09,81,194,39,B*32
$GAGSV,1,1,04,09,29,075,39,34,67,312,40,36,45,063,40,30,41,258,45,1*74
$GAGSV,1,1,04,09,29,075,41,34,67,312,40,36,45,063,43,30,41,258,45,2*7B
$GAGSV,1,1,04,09,29,075,39,34,67,312,41,36,45,063,42,30,41,258,44,5*72
$GAGSV,1,1,04,09,29,075,37,34,67,312,39,36,45,063,37,30,41,258,39,7*79
$GQGSV,1,1,01,03,,,38,1*6C
$GQGSV,1,1,01,03,,,39,8*64
#PPPNAVA,97,GPS,FINE,2424,18759000,0,0,18,10;INSUFFICIENT_OBS,NONE,0.00000000000,0.00000000000,-17.0000,17.0000,WGS84,0.0000,0.0000,0.0000,"",0.000,0.000,0,0,0,0,0,00,00,00*6a30db58
$GNRMC,051222.00,A,2959.99407129,N,14959.97405992,E,0.061,325.9,210626,2.2,E,A,C*4A
$GNGGA,051222.00,2959.99407129,N,14959.97405992,E,1,08,1.7,1815.7721,M,-40.0299,M,,*6C
$GNGSA,M,3,09,30,34,36,,,,,,,,,2.9,1.7,2.3,3*3B
$GNGSA,M,3,27,28,33,42,,,,,,,,,2.9,1.7,2.3,4*3D
$GPGSV,2,1,05,05,61,050,43,18,41,289,40,21,28,049,36,26,17,301,30,1*6B
$GPGSV,2,2,05,29,82,228,39,1*52
$GPGSV,1,1,03,05,61,050,43,18,41,289,32,29,82,228,36,4*50
$GPGSV,1,1,01,05,61,050,44,6*55
$GPGSV,1,1,02,18,41,289,43,26,17,301,39,8*6D
$GPGSV,1,1,01,18,41,289,40,9*56
$GBGSV,1,1,01,B*04
$GBGSV,2,1,07,27,38,302,41,28,80,351,42,06,67,052,43,09,81,194,36,1*75
$GBGSV,2,2,07,13,,,42,33,63,118,39,42,28,045,34,1*78
$GBGSV,1,1,03,27,38,302,37,28,80,351,40,33,63,118,37,3*44
$GBGSV,1,1,03,27,38,302,42,28,80,351,40,33,63,118,40,5*40
$GBGSV,1,1,04,27,38,302,41,28,80,351,40,33,63,118,42,42,28,045,42,6*7E
$GBGSV,2,1,07,27,38,302,41,28,80,351,39,06,67,052,45,09,81,194,31,8*71
$GBGSV,2,2,07,13,,,45,33,63,118,40,42,28,045,39,8*75
$GBGSV,1,1,01,09,81,194,39,B*32
$GAGSV,1,1,04,09,29,075,39,34,67,312,40,36,45,063,40,30,41,258,45,1*74
$GAGSV,1,1,04,09,29,075,41,34,67,312,40,36,45,063,43,30,41,258,45,2*7B
$GAGSV,1,1,04,09,29,075,39,34,67,312,41,36,45,063,42,30,41,258,44,5*72
$GAGSV,1,1,04,09,29,075,38,34,67,312,40,36,45,063,38,30,41,258,40,7*79
$GQGSV,1,1,01,03,,,38,1*6C
$GQGSV,1,1,01,03,,,40,8*6A
#PPPNAVA,97,GPS,FINE,2424,18760000,0,0,18,11;INSUFFICIENT_OBS,NONE,0.00000000000,0.00000000000,-17.0000,17.0000,WGS84,0.0000,0.0000,0.0000,"",0.000,0.000,0,0,0,0,0,00,00,00*e12c9707
$GNRMC,051223.00,A,2959.99137893,N,14959.95544276,E,0.004,292.7,210626,2.2,E,A,C*42
$GNGGA,051223.00,2959.99137893,N,14959.95544276,E,1,08,1.7,1817.7156,M,-40.0300,M,,*61
$GNGSA,M,3,09,30,34,36,,,,,,,,,2.9,1.7,2.3,3*3B
$GNGSA,M,3,27,28,33,42,,,,,,,,,2.9,1.7,2.3,4*3D
$GPGSV,2,1,05,05,61,050,42,18,41,289,40,21,28,049,36,26,17,301,30,1*6A
$GPGSV,2,2,05,29,82,228,39,1*52
$GPGSV,1,1,03,05,61,050,43,18,41,289,31,29,82,228,37,4*52
$GPGSV,1,1,03,05,61,050,44,18,41,289,36,29,82,228,36,6*51
$GPGSV,1,1,02,18,41,289,44,26,17,301,38,8*6B
$GPGSV,1,1,01,18,41,289,40,9*56
$GBGSV,1,1,01,B*04
$GBGSV,2,1,07,27,38,302,41,28,80,351,42,06,67,052,43,09,81,194,35,1*76
$GBGSV,2,2,07,13,,,42,33,63,118,38,42,28,045,34,1*79
$GBGSV,1,1,03,27,38,302,37,28,80,351,40,33,63,118,36,3*45
$GBGSV,1,1,03,27,38,302,43,28,80,351,41,33,63,118,40,5*40
$GBGSV,1,1,04,27,38,302,41,28,80,351,40,33,63,118,42,42,28,045,42,6*7E
$GBGSV,2,1,07,27,38,302,42,28,80,351,39,06,67,052,45,09,81,194,31,8*72
$GBGSV,2,2,07,13,,,45,33,63,118,40,42,28,045,39,8*75
$GBGSV,1,1,01,09,81,194,39,B*32
$GAGSV,1,1,04,09,29,075,39,34,67,312,40,36,45,063,40,30,41,258,45,1*74
$GAGSV,1,1,04,09,29,075,41,34,67,312,40,36,45,063,43,30,41,258,45,2*7B
$GAGSV,1,1,04,09,29,075,39,34,67,312,41,36,45,063,43,30,41,258,44,5*73
$GAGSV,1,1,04,09,29,075,38,34,67,312,40,36,45,063,38,30,41,258,40,7*79
$GQGSV,1,1,01,03,,,38,1*6C
$GQGSV,1,1,01,03,,,40,6*64
$GQGSV,1,1,01,03,,,40,8*6A
#PPPNAVA,97,GPS,FINE,2424,18761000,0,0,18,11;INSUFFICIENT_OBS,NONE,0.00000000000,0.00000000000,-17.0000,17.0000,WGS84,0.0000,0.0000,0.0000,"",0.000,0.000,0,0,0,0,0,00,00,00*b6bb4090
$GNRMC,051224.00,A,3000.01192721,N,14959.94210796,E,0.094,203.8,210626,2.2,E,A,C*4B
$GNGGA,051224.00,3000.01192721,N,14959.94210796,E,1,08,1.7,1818.2152,M,-40.0300,M,,*68
$GNGSA,M,3,09,30,34,36,,,,,,,,,2.9,1.7,2.3,3*3B
$GNGSA,M,3,27,28,33,42,,,,,,,,,2.9,1.7,2.3,4*3D
$GPGSV,2,1,05,05,61,050,42,18,41,289,40,21,28,049,36,26,17,301,31,1*6B
$GPGSV,2,2,05,29,82,228,38,1*53
$GPGSV,1,1,03,05,61,050,42,18,41,289,31,29,82,228,37,4*53
$GPGSV,1,1,04,05,61,050,44,18,41,289,38,26,17,301,31,29,82,228,36,6*6A
$GPGSV,1,1,02,18,41,289,44,26,17,301,39,8*6A
$GPGSV,1,1,01,18,41,289,39,9*58
$GBGSV,1,1,01,B*04
$GBGSV,2,1,07,27,38,302,41,28,80,351,42,06,67,052,43,09,81,194,35,1*76
$GBGSV,2,2,07,13,,,42,33,63,118,38,42,28,045,34,1*79
$GBGSV,1,1,03,27,38,302,37,28,80,351,40,33,63,118,36,3*45
$GBGSV,1,1,04,27,38,302,43,28,80,351,41,33,63,118,41,42,28,045,40,5*7F
$GBGSV,1,1,04,27,38,302,41,28,80,351,40,33,63,118,42,42,28,045,41,6*7D
$GBGSV,2,1,07,27,38,302,42,28,80,351,39,06,67,052,45,09,81,194,33,8*70
$GBGSV,2,2,07,13,,,46,33,63,118,41,42,28,045,40,8*79
$GBGSV,1,1,01,09,81,194,39,B*32
$GAGSV,1,1,04,09,29,075,39,34,67,312,40,36,45,063,40,30,41,258,45,1*74
$GAGSV,1,1,04,09,29,075,41,34,67,312,40,36,45,063,43,30,41,258,45,2*7B
$GAGSV,1,1,04,09,29,075,39,34,67,312,41,36,45,063,43,30,41,258,44,5*73
$GAGSV,1,1,04,09,29,075,38,34,67,312,40,36,45,063,38,30,41,258,40,7*79
$GQGSV,1,1,01,03,,,38,1*6C
$GQGSV,1,1,01,03,,,40,6*64
$GQGSV,1,1,01,03,,,39,8*64
#PPPNAVA,97,GPS,FINE,2424,18762000,0,0,18,11;INSUFFICIENT_OBS,NONE,0.00000000000,0.00000000000,-17.0000,17.0000,WGS84,0.0000,0.0000,0.0000,"",0.000,0.000,0,0,0,0,0,00,00,00*4e033829
$GNRMC,051225.00,A,3000.00511925,N,14959.92403559,E,0.026,36.0,210626,2.2,E,A,C*78
$GNGGA,051225.00,3000.00511925,N,14959.92403559,E,1,08,1.7,1818.7227,M,-40.0300,M,,*6A
$GNGSA,M,3,09,30,34,36,,,,,,,,,2.9,1.7,2.3,3*3B
$GNGSA,M,3,27,28,33,42,,,,,,,,,2.9,1.7,2.3,4*3D
$GPGSV,2,1,05,05,61,050,42,18,41,289,40,21,28,049,35,26,17,301,30,1*69
$GPGSV,2,2,05,29,82,228,39,1*52
$GPGSV,1,1,03,05,61,050,42,18,41,289,30,29,82,228,37,4*52
$GPGSV,1,1,04,05,61,050,44,18,41,289,38,26,17,301,32,29,82,228,36,6*69
$GPGSV,1,1,02,18,41,289,44,26,17,301,39,8*6A
$GPGSV,1,1,01,18,41,289,39,9*58
$GBGSV,1,1,01,B*04
$GBGSV,2,1,07,27,38,302,41,28,80,351,42,06,67,052,43,09,81,194,35,1*76
$GBGSV,2,2,07,13,,,42,33,63,118,38,42,28,045,34,1*79
$GBGSV,1,1,03,27,38,302,37,28,80,351,39,33,63,118,36,3*4B
$GBGSV,1,1,04,27,38,302,42,28,80,351,41,33,63,118,41,42,28,045,40,5*7E
$GBGSV,1,1,04,27,38,302,40,28,80,351,40,33,63,118,41,42,28,045,41,6*7F
$GBGSV,2,1,07,27,38,302,42,28,80,351,39,06,67,052,45,09,81,194,32,8*71
$GBGSV,2,2,07,13,,,46,33,63,118,41,42,28,045,39,8*77
$GBGSV,1,1,01,09,81,194,39,B*32
$GAGSV,1,1,04,09,29,075,39,34,67,312,40,36,45,063,40,30,41,258,45,1*74
$GAGSV,1,1,04,09,29,075,41,34,67,312,40,36,45,063,43,30,41,258,45,2*7B
$GAGSV,1,1,04,09,29,075,39,34,67,312,41,36,45,063,43,30,41,258,43,5*74
$GAGSV,1,1,04,09,29,075,38,34,67,312,39,36,45,063,39,30,41,258,40,7*76
$GQGSV,1,1,01,03,,,38,1*6C
$GQGSV,1,1,01,03,,,40,6*64
$GQGSV,1,1,01,03,,,39,8*64
#PPPNAVA,97,GPS,FINE,2424,18763000,0,0,18,11;INSUFFICIENT_OBS,NONE,0.00000000000,0.00000000000,-17.0000,17.0000,WGS84,0.0000,0.0000,0.0000,"",0.000,0.000,0,0,0,0,0,00,00,00*1994efbe
$GNRMC,051226.00,A,3000.00083979,N,14959.91296751,E,0.143,311.7,210626,2.2,E,A,C*4C
$GNGGA,051226.00,3000.00083979,N,14959.91296751,E,1,08,1.7,1819.1161,M,-40.0300,M,,*6B
$GNGSA,M,3,09,30,34,36,,,,,,,,,2.9,1.7,2.3,3*3B
$GNGSA,M,3,27,28,33,42,,,,,,,,,2.9,1.7,2.3,4*3D
$GPGSV,2,1,06,05,61,050,42,18,41,289,40,21,28,049,36,26,17,301,29,1*61
$GPGSV,2,2,06,29,82,228,40,23,19,226,29,1*6B
$GPGSV,1,1,03,05,61,050,42,18,41,289,31,29,82,228,37,4*53
$GPGSV,1,1,04,05,61,050,43,18,41,289,38,26,17,301,33,29,82,228,36,6*6F
$GPGSV,1,1,02,18,41,289,44,26,17,301,38,8*6B
$GPGSV,1,1,01,18,41,289,39,9*58
$GBGSV,1,1,01,B*04
$GBGSV,2,1,07,27,38,302,40,28,80,352,41,06,67,052,42,09,81,194,35,1*76
$GBGSV,2,2,07,13,,,43,33,63,118,39,42,28,045,34,1*79
$GBGSV,1,1,03,27,38,302,36,28,80,352,39,33,63,118,37,3*48
$GBGSV,1,1,04,27,38,302,42,28,80,352,41,33,63,118,40,42,28,045,40,5*7C
$GBGSV,1,1,04,27,38,302,40,28,80,352,40,33,63,118,41,42,28,045,41,6*7C
$GBGSV,2,1,07,27,38,302,42,28,80,352,39,06,67,052,45,09,81,194,33,8*73
$GBGSV,2,2,07,13,,,45,33,63,118,40,42,28,045,39,8*75
$GBGSV,1,1,01,09,81,194,39,B*32
$GAGSV,1,1,04,09,29,075,39,34,67,312,39,36,45,063,40,30,41,258,45,1*7A
$GAGSV,1,1,04,09,29,075,41,34,67,312,40,36,45,063,43,30,41,258,45,2*7B
$GAGSV,1,1,04,09,29,075,39,34,67,312,41,36,45,063,42,30,41,258,43,5*75
$GAGSV,1,1,04,09,29,075,39,34,67,312,38,36,45,063,39,30,41,258,39,7*78
$GQGSV,1,1,01,03,,,38,1*6C
$GQGSV,1,1,01,03,,,40,6*64
$GQGSV,1,1,01,03,,,40,8*6A
#PPPNAVA,97,GPS,FINE,2424,18764000,0,0,18,11;INSUFFICIENT_OBS,NONE,0.00000000000,0.00000000000,-17.0000,17.0000,WGS84,0.0000,0.0000,0.0000,"",0.000,0.000,0,0,0,0,0,00,00,00*6402cf1a
$GNRMC,051227.00,A,2959.99244667,N,14959.90818679,E,0.914,97.3,210626,2.2,E,A,C*75
$GNGGA,051227.00,2959.99244667,N,14959.90818679,E,1,08,1.7,1819.2985,M,-40.0300,M,,*60
$GNGSA,M,3,09,30,34,36,,,,,,,,,2.9,1.7,2.3,3*3B
$GNGSA,M,3,27,28,33,42,,,,,,,,,2.9,1.7,2.3,4*3D
$GPGSV,2,1,06,05,61,050,42,18,41,289,39,21,28,049,37,26,17,301,29,1*6E
$GPGSV,2,2,06,29,82,228,37,23,19,226,28,1*6A
$GPGSV,1,1,03,05,61,050,42,18,41,289,31,29,82,228,35,4*51
$GPGSV,1,1,04,05,61,050,42,18,41,289,38,26,17,301,29,29,82,228,34,6*67
$GPGSV,1,1,03,18,41,289,45,26,17,301,37,23,19,226,38,8*50
$GPGSV,1,1,01,18,41,289,38,9*59
$GBGSV,1,1,01,B*04
$GBGSV,2,1,07,27,38,302,40,28,80,352,42,06,67,052,42,09,81,194,33,1*73
$GBGSV,2,2,07,13,,,40,33,63,118,38,42,28,045,36,1*79
$GBGSV,1,1,03,27,38,302,36,28,80,352,40,33,63,118,36,3*47
$GBGSV,1,1,04,27,38,302,41,28,80,352,41,33,63,118,39,42,28,045,40,5*71
$GBGSV,1,1,04,27,38,302,40,28,80,352,40,33,63,118,39,42,28,045,40,6*72
$GBGSV,2,1,07,27,38,302,41,28,80,352,39,06,67,052,44,09,81,194,32,8*70
$GBGSV,2,2,07,13,,,44,33,63,118,39,42,28,045,39,8*7A
$GBGSV,1,1,01,09,81,194,37,B*3C
$GAGSV,1,1,04,09,29,075,39,34,67,313,40,36,45,063,40,30,41,258,45,1*75
$GAGSV,1,1,04,09,29,075,42,34,67,313,42,36,45,063,43,30,41,258,44,2*7A
$GAGSV,1,1,04,09,29,075,39,34,67,313,42,36,45,063,42,30,41,258,42,5*76
$GAGSV,1,1,04,09,29,075,37,34,67,313,40,36,45,063,39,30,41,258,38,7*79
$GQGSV,1,1,01,03,,,36,1*62
$GQGSV,1,1,01,03,,,40,6*64
$GQGSV,1,1,01,03,,,39,8*64
#PPPNAVA,97,GPS,FINE,2424,18765000,0,0,18,11;INSUFFICIENT_OBS,NONE,0.00000000000,0.00000000000,-17.0000,17.0000,WGS84,0.0000,0.0000,0.0000,"",0.000,0.000,0,0,0,0,0,00,00,00*3395188d
$GNRMC,051228.00,A,2959.96812000,N,14959.93739454,E,1.609,322.4,210626,2.2,E,A,C*41
$GNGGA,051228.00,2959.96812000,N,14959.93739454,E,1,08,1.7,1819.3400,M,-40.0300,M,,*6D
$GNGSA,M,3,09,30,34,36,,,,,,,,,2.9,1.7,2.3,3*3B
$GNGSA,M,3,27,28,33,42,,,,,,,,,2.9,1.7,2.3,4*3D
$GPGSV,2,1,06,05,61,050,40,18,41,289,39,21,28,049,37,26,17,301,33,1*67
$GPGSV,2,2,06,29,82,228,36,23,19,226,31,1*63
$GPGSV,1,1,04,05,61,050,40,18,41,289,32,21,28,049,29,29,82,228,36,4*6B
$GPGSV,1,1,04,05,61,050,40,18,41,289,40,26,17,301,31,29,82,228,36,6*61
$GPGSV,1,1,03,18,41,289,45,26,17,301,37,23,19,226,38,8*50
$GPGSV,1,1,01,18,41,289,39,9*58
$GBGSV,1,1,01,B*04
$GBGSV,2,1,07,27,38,302,39,28,80,352,40,06,67,052,40,09,81,194,32,1*7C
$GBGSV,2,2,07,13,,,38,33,63,118,37,42,28,045,35,1*7A
$GBGSV,1,1,03,27,38,302,36,28,80,352,38,33,63,118,36,3*48
$GBGSV,1,1,04,27,38,302,41,28,80,352,40,33,63,118,37,42,28,045,39,5*70
$GBGSV,1,1,04,27,38,302,40,28,80,352,40,33,63,118,37,42,28,045,39,6*72
$GBGSV,2,1,07,27,38,302,41,28,80,352,40,06,67,052,42,09,81,194,32,8*78
$GBGSV,2,2,07,13,,,41,33,63,118,37,42,28,045,38,8*70
$GBGSV,1,1,01,09,81,194,36,B*3D
$GAGSV,1,1,04,09,29,075,39,34,67,313,41,36,45,063,39,30,41,258,43,1*7C
$GAGSV,1,1,04,09,29,075,40,34,67,313,43,36,45,063,42,30,41,258,44,2*78
$GAGSV,1,1,04,09,29,075,38,34,67,313,42,36,45,063,41,30,41,258,42,5*74
$GAGSV,1,1,04,09,29,075,35,34,67,313,40,36,45,063,36,30,41,258,41,7*7A
$GQGSV,1,1,01,03,,,31,1*65
$GQGSV,1,1,01,03,,,37,6*64
$GQGSV,1,1,01,03,,,39,8*64
#PPPNAVA,97,GPS,FINE,2424,18766000,0,0,18,11;INSUFFICIENT_OBS,NONE,0.00000000000,0.00000000000,-17.0000,17.0000,WGS84,0.0000,0.0000,0.0000,"",0.000,0.000,0,0,0,0,0,00,00,00*cb2d6034
$GNRMC,051229.00,A,2959.96359830,N,14959.93498989,E,1.765,124.3,210626,2.2,E,A,C*42
$GNGGA,051229.00,2959.96359830,N,14959.93498989,E,1,08,1.7,1819.2235,M,-40.0300,M,,*67
$GNGSA,M,3,09,30,34,36,,,,,,,,,2.9,1.7,2.3,3*3B
$GNGSA,M,3,27,28,33,42,,,,,,,,,2.9,1.7,2.3,4*3D
$GPGSV,2,1,06,05,61,050,40,18,41,289,38,21,28,049,36,26,17,301,31,1*65
$GPGSV,2,2,06,29,82,228,41,23,19,226,32,1*60
$GPGSV,1,1,04,05,61,050,39,18,41,289,31,26,17,301,30,29,82,228,40,4*6B
$GPGSV,2,1,05,05,61,050,39,18,41,289,40,26,17,301,33,29,82,228,40,6*6E
$GPGSV,2,2,05,23,19,226,35,6*5F
$GPGSV,1,1,03,18,41,289,44,26,17,301,37,23,19,226,38,8*51
$GPGSV,1,1,01,18,41,289,37,9*56
$GBGSV,1,1,01,B*04
$GBGSV,2,1,07,27,38,302,38,28,80,352,41,06,67,052,39,09,81,194,39,1*79
$GBGSV,2,2,07,13,,,42,33,63,118,39,42,28,045,36,1*7A
$GBGSV,1,1,03,27,38,302,34,28,80,352,39,33,63,118,38,3*45
$GBGSV,1,1,04,27,38,302,40,28,80,352,41,33,63,118,42,42,28,045,39,5*72
$GBGSV,1,1,04,27,38,302,40,28,80,352,41,33,63,118,41,42,28,045,38,6*73
$GBGSV,2,1,07,27,38,302,40,28,80,352,42,06,67,052,43,09,81,194,39,8*71
$GBGSV,2,2,07,13,,,42,33,63,118,40,42,28,045,37,8*7C
$GBGSV,1,1,01,09,81,194,40,B*3C
$GAGSV,1,1,04,09,29,075,37,34,67,313,41,36,45,063,39,30,41,258,42,1*73
$GAGSV,1,1,04,09,29,075,39,34,67,313,42,36,45,063,42,30,41,258,42,2*71
$GAGSV,1,1,04,09,29,075,39,34,67,313,41,36,45,063,39,30,41,258,41,5*7A
$GAGSV,1,1,04,09,29,075,36,34,67,313,39,36,45,063,37,30,41,258,37,7*77
$GQGSV,1,1,01,03,,,35,1*61
$GQGSV,1,1,01,03,,,38,6*6B
$GQGSV,1,1,01,03,,,39,8*64
#PPPNAVA,97,GPS,FINE,2424,18767000,0,0,18,11;INSUFFICIENT_OBS,NONE,0.00000000000,0.00000000000,-17.0000,17.0000,WGS84,0.0000,0.0000,0.0000,"",0.000,0.000,0,0,0,0,0,00,00,00*9cbab7a3
$GNRMC,051230.00,A,2959.96465437,N,14959.93107337,E,5.277,92.0,210626,2.2,E,A,C*78
$GNGGA,051230.00,2959.96465437,N,14959.93107337,E,1,08,1.7,1818.9849,M,-40.0300,M,,*6B
$GNGSA,M,3,09,30,34,36,,,,,,,,,2.9,1.7,2.3,3*3B
$GNGSA,M,3,27,28,33,42,,,,,,,,,2.9,1.7,2.3,4*3D
$GPGSV,2,1,06,05,61,050,41,18,41,289,38,21,28,049,36,26,17,301,35,1*60
$GPGSV,2,2,06,29,82,228,42,23,19,226,26,1*66
$GPGSV,1,1,03,18,41,289,31,21,28,049,30,26,17,301,31,4*5A
$GPGSV,1,1,04,05,61,050,42,18,41,289,39,26,17,301,32,29,82,228,42,6*6D
$GPGSV,1,1,03,18,41,289,43,26,17,301,38,23,19,226,36,8*57
$GPGSV,1,1,02,18,41,289,37,23,19,226,30,9*69
$GBGSV,1,1,01,B*04
$GBGSV,2,1,07,27,38,302,39,28,80,352,42,06,67,052,40,09,81,194,39,1*75
$GBGSV,2,2,07,13,,,43,33,63,118,43,42,28,045,38,1*78
$GBGSV,1,1,03,27,38,302,33,28,80,352,38,33,63,118,42,3*4E
$GBGSV,1,1,04,27,38,302,40,28,80,352,41,33,63,118,45,42,28,045,42,5*79
$GBGSV,1,1,01,27,38,302,40,6*4B
$GBGSV,2,1,07,27,38,302,41,28,80,352,43,06,67,052,43,09,81,194,41,8*7E
$GBGSV,2,2,07,13,,,45,33,63,118,45,42,28,045,40,8*7E
$GBGSV,1,1,01,09,81,194,42,B*3E
$GAGSV,1,1,04,09,29,075,41,34,67,313,40,36,45,063,44,30,41,258,40,1*7B
$GAGSV,1,1,04,09,29,075,46,34,67,313,42,36,45,063,46,30,41,258,41,2*7E
$GAGSV,1,1,04,09,29,075,38,34,67,313,41,36,45,063,45,30,41,258,41,5*70
$GAGSV,1,1,04,09,29,075,38,34,67,313,36,36,45,063,39,30,41,258,36,7*79
$GQGSV,1,1,01,03,,,39,1*6D
$GQGSV,1,1,01,03,,,42,6*66
$GQGSV,1,1,01,03,,,39,8*64
#PPPNAVA,97,GPS,FINE,2424,18768000,0,0,18,11;INSUFFICIENT_OBS,NONE,0.00000000000,0.00000000000,-17.0000,17.0000,WGS84,0.0000,0.0000,0.0000,"",0.000,0.000,0,0,0,0,0,00,00,00*3001217c
$GNRMC,051231.00,A,2959.95655169,N,14959.92215347,E,,,210626,2.2,E,A,C*4F
$GNGGA,051231.00,2959.95655169,N,14959.92215347,E,1,08,1.7,1818.6910,M,-40.0300,M,,*62
$GNGSA,M,3,09,30,34,36,,,,,,,,,2.9,1.7,2.3,3*3B
$GNGSA,M,3,27,28,33,42,,,,,,,,,2.9,1.7,2.3,4*3D
$GPGSV,2,1,06,05,61,050,42,18,41,289,39,21,28,049,35,26,17,301,34,1*60
$GPGSV,2,2,06,29,82,228,42,23,19,226,37,1*66
$GPGSV,1,1,03,18,41,289,32,26,17,301,30,29,82,228,42,4*50
$GPGSV,2,1,05,05,61,050,40,18,41,289,39,26,17,301,30,29,82,228,43,6*6E
$GPGSV,2,2,05,23,19,226,34,6*5E
$GPGSV,1,1,03,18,41,289,41,26,17,301,36,23,19,226,40,8*5A
$GPGSV,1,1,01,18,41,289,38,9*59
$GBGSV,1,1,01,B*04
$GBGSV,2,1,07,27,38,302,39,28,80,352,42,06,67,052,41,09,81,194,39,1*74
$GBGSV,2,2,07,13,,,43,33,63,117,43,42,28,045,35,1*7A
$GBGSV,1,1,03,27,38,302,37,28,80,352,40,33,63,117,42,3*4A
$GBGSV,1,1,04,27,38,302,40,28,80,352,41,33,63,117,43,42,28,045,39,5*7C
$GBGSV,1,1,01,27,38,302,40,6*4B
$GBGSV,2,1,07,27,38,302,40,28,80,352,44,06,67,052,43,09,81,194,40,8*79
$GBGSV,2,2,07,13,,,43,33,63,117,43,42,28,045,43,8*72
$GBGSV,1,1,01,09,81,194,42,B*3E
$GAGSV,1,1,04,09,29,075,38,34,67,313,42,36,45,063,37,30,41,258,39,1*7D
$GAGSV,1,1,04,09,29,075,43,34,67,313,44,36,45,063,43,30,41,258,40,2*79
$GAGSV,1,1,04,09,29,075,41,34,67,313,44,36,45,063,43,30,41,258,41,5*7D
$GAGSV,2,1,05,09,29,075,36,34,67,313,40,36,45,063,39,06,19,050,25,7*74
$GAGSV,2,2,05,30,41,258,37,7*4B
$GQGSV,1,1,01,03,,,37,1*63
$GQGSV,1,1,01,03,,,39,6*6A
$GQGSV,1,1,01,03,,,37,8*6A
#PPPNAVA,97,GPS,FINE,2424,18769000,0,0,18,10;INSUFFICIENT_OBS,NONE,0.00000000000,0.00000000000,-17.0000,17.0000,WGS84,0.0000,0.0000,0.0000,"",0.000,0.000,0,0,0,0,0,00,00,00*d8756808
$GNRMC,051232.00,A,2959.95379739,N,14959.91988192,E,0.238,3.9,210626,2.2,E,A,C*41
$GNGGA,051232.00,2959.95379739,N,14959.91988192,E,1,08,1.7,1818.4373,M,-40.0300,M,,*62
$GNGSA,M,3,09,30,34,36,,,,,,,,,2.9,1.7,2.3,3*3B
$GNGSA,M,3,27,28,33,42,,,,,,,,,2.9,1.7,2.3,4*3D
$GPGSV,2,1,06,05,61,050,42,18,41,289,40,21,28,049,35,26,17,301,26,1*6D
$GPGSV,2,2,06,29,82,228,42,23,19,226,37,1*66
$GPGSV,1,1,02,18,41,289,30,29,82,228,42,4*60
$GPGSV,1,1,04,05,61,050,39,18,41,289,39,29,82,228,42,23,19,226,36,6*6A
$GPGSV,1,1,02,18,41,289,40,23,19,226,41,8*6E
$GPGSV,1,1,02,18,41,289,39,23,19,226,35,9*62
$GBGSV,1,1,01,B*04
$GBGSV,2,1,07,27,38,302,38,28,80,352,41,06,67,052,41,09,81,194,40,1*78
$GBGSV,2,2,07,13,,,41,33,63,117,42,42,28,045,36,1*7A
$GBGSV,1,1,03,27,38,302,36,28,80,352,39,33,63,117,42,3*45
$GBGSV,1,1,04,27,38,302,39,28,80,352,41,33,63,117,40,42,28,045,36,5*7E
$GBGSV,1,1,03,27,38,302,39,33,63,117,42,42,28,045,40,6*4A
$GBGSV,2,1,07,27,38,302,39,28,80,352,43,06,67,052,42,09,81,194,41,8*70
$GBGSV,2,2,07,13,,,44,33,63,117,42,42,28,045,44,8*73
$GBGSV,1,1,01,09,81,194,41,B*3D
$GAGSV,1,1,04,09,29,075,37,34,67,313,42,36,45,063,38,30,41,258,39,1*7D
$GAGSV,1,1,04,09,29,075,43,34,67,313,45,36,45,063,40,30,41,258,39,2*75
$GAGSV,1,1,04,09,29,075,42,34,67,313,44,36,45,063,41,30,41,258,40,5*7D
$GAGSV,2,1,05,09,29,075,37,34,67,313,41,36,45,063,38,06,19,050,33,7*72
$GAGSV,2,2,05,30,41,258,37,7*4B
$GQGSV,1,1,01,03,,,36,1*62
$GQGSV,1,1,01,03,,,40,6*64
$GQGSV,1,1,01,03,,,38,8*65
#PPPNAVA,97,GPS,FINE,2424,18770000,0,0,18,11;INSUFFICIENT_OBS,NONE,0.00000000000,0.00000000000,-17.0000,17.0000,WGS84,0.0000,0.0000,0.0000,"",0.000,0.000,0,0,0,0,0,00,00,00*8f100637
$GNRMC,051233.00,A,2959.96812118,N,14959.91110501,E,0.302,50.5,210626,2.2,E,A,C*75
$GNGGA,051233.00,2959.96812118,N,14959.91110501,E,1,08,1.7,1818.1914,M,-40.0300,M,,*6A
$GNGSA,M,3,09,30,34,36,,,,,,,,,2.9,1.7,2.3,3*3B
$GNGSA,M,3,27,28,33,42,,,,,,,,,2.9,1.7,2.3,4*3D
$GPGSV,2,1,05,05,61,050,42,18,41,289,38,21,28,049,38,29,82,228,42,1*67
$GPGSV,2,2,05,23,19,226,36,1*5B
$GPGSV,1,1,02,18,41,289,29,29,82,228,42,4*68
$GPGSV,1,1,04,05,61,050,37,18,41,289,38,29,82,228,42,23,19,226,32,6*61
$GPGSV,1,1,02,18,41,289,40,23,19,226,37,8*6F
$GPGSV,1,1,02,18,41,289,37,23,19,226,34,9*6D
$GBGSV,1,1,01,B*04
$GBGSV,2,1,07,27,38,302,41,28,80,352,42,06,67,052,41,09,81,194,40,1*75
$GBGSV,2,2,07,13,,,41,33,63,117,44,42,28,045,39,1*73
$GBGSV,1,1,04,27,38,302,38,28,80,352,40,33,63,117,42,42,28,045,37,3*7B
$GBGSV,1,1,04,27,38,302,39,28,80,352,41,33,63,117,40,42,28,045,37,5*7F
$GBGSV,1,1,03,27,38,302,40,33,63,117,43,42,28,045,40,6*45
$GBGSV,2,1,07,27,38,302,42,28,80,352,43,06,67,052,42,09,81,194,42,8*7F
$GBGSV,2,2,07,13,,,43,33,63,117,42,42,28,045,44,8*74
$GBGSV,1,1,01,09,81,194,43,B*3F
$GAGSV,1,1,04,09,29,075,36,34,67,313,42,36,45,063,39,30,41,258,36,1*72
$GAGSV,1,1,04,09,29,075,42,34,67,313,44,36,45,063,41,30,41,258,40,2*7A
$GAGSV,1,1,04,09,29,075,42,34,67,313,44,36,45,063,42,30,41,258,37,5*7E
$GAGSV,2,1,05,09,29,075,38,34,67,313,41,36,45,063,37,06,19,050,36,7*77
$GAGSV,2,2,05,30,41,258,35,7*49
$GQGSV,1,1,01,03,,,34,1*60
$GQGSV,1,1,01,03,,,40,6*64
$GQGSV,1,1,01,03,,,41,8*6B
#PPPNAVA,97,GPS,FINE,2424,18771000,0,0,18,11;INSUFFICIENT_OBS,NONE,0.00000000000,0.00000000000,-17.0000,17.0000,WGS84,0.0000,0.0000,0.0000,"",0.000,0.000,0,0,0,0,0,00,00,00*d887d1a0
$GNRMC,051234.00,A,2959.96539346,N,14959.90955567,E,0.205,48.0,210626,2.2,E,A,C*7D
$GNGGA,051234.00,2959.96539346,N,14959.90955567,E,1,08,1.7,1818.0093,M,-40.0300,M,,*6F
$GNGSA,M,3,09,30,34,36,,,,,,,,,2.9,1.7,2.3,3*3B
$GNGSA,M,3,27,28,33,42,,,,,,,,,2.9,1.7,2.3,4*3D
$GPGSV,2,1,05,05,61,050,42,18,41,289,39,21,28,049,38,29,82,228,42,1*66
$GPGSV,2,2,05,23,19,226,28,1*54
$GPGSV,1,1,02,18,41,289,31,29,82,228,42,4*61
$GPGSV,1,1,03,05,61,050,37,18,41,289,39,29,82,228,43,6*58
$GPGSV,1,1,01,18,41,289,42,8*55
$GPGSV,1,1,02,18,41,289,38,23,19,226,21,9*66
$GBGSV,1,1,01,B*04
$GBGSV,2,1,07,27,38,302,42,28,80,352,43,06,67,052,41,09,81,194,41,1*76
$GBGSV,2,2,07,13,,,41,33,63,117,43,42,28,045,38,1*75
$GBGSV,1,1,04,27,38,302,39,28,80,352,40,33,63,117,42,42,28,045,37,3*7A
$GBGSV,1,1,04,27,38,302,41,28,80,352,41,33,63,117,41,42,28,045,39,5*7F
$GBGSV,1,1,03,27,38,302,41,33,63,117,43,42,28,045,41,6*45
$GBGSV,2,1,07,27,38,302,43,28,80,352,43,06,67,052,40,09,81,194,42,8*7C
$GBGSV,2,2,07,13,,,43,33,63,117,43,42,28,045,43,8*72
$GBGSV,1,1,01,09,81,194,43,B*3F
$GAGSV,1,1,04,09,29,075,36,34,67,313,41,36,45,063,40,30,41,258,37,1*7E
$GAGSV,1,1,04,09,29,075,43,34,67,313,43,36,45,063,40,30,41,258,38,2*72
$GAGSV,2,1,05,09,29,075,42,34,67,313,44,36,45,063,42,06,19,050,32,5*7B
$GAGSV,2,2,05,30,41,258,39,5*47
$GAGSV,2,1,05,09,29,075,37,34,67,313,41,36,45,063,38,06,19,050,36,7*77
$GAGSV,2,2,05,30,41,258,35,7*49
$GQGSV,1,1,01,03,,,34,1*60
$GQGSV,1,1,01,03,,,39,6*6A
$GQGSV,1,1,01,03,,,40,8*6A
#PPPNAVA,97,GPS,FINE,2424,18772000,0,0,18,11;INSUFFICIENT_OBS,NONE,0.00000000000,0.00000000000,-17.0000,17.0000,WGS84,0.0000,0.0000,0.0000,"",0.000,0.000,0,0,0,0,0,00,00,00*203fa919
$GNRMC,051235.00,A,2959.94778732,N,14959.91060663,E,0.353,186.6,210626,2.2,E,A,C*40
$GNGGA,051235.00,2959.94778732,N,14959.91060663,E,1,08,1.7,1817.8048,M,-40.0300,M,,*64
$GNGSA,M,3,09,30,34,36,,,,,,,,,2.9,1.7,2.3,3*3B
$GNGSA,M,3,27,28,33,42,,,,,,,,,2.9,1.7,2.3,4*3D
$GPGSV,1,1,04,05,61,050,43,18,41,289,40,21,28,049,34,29,82,228,41,1*64
$GPGSV,1,1,02,18,41,289,33,29,82,228,41,4*60
$GPGSV,1,1,03,05,61,050,37,18,41,289,39,29,82,228,43,6*58
$GPGSV,1,1,01,18,41,289,41,8*56
$GPGSV,1,1,01,18,41,289,39,9*58
$GBGSV,1,1,01,B*04
$GBGSV,2,1,07,27,38,302,42,28,80,352,42,06,67,052,41,09,81,194,41,1*77
$GBGSV,2,2,07,13,,,42,33,63,117,44,42,28,045,37,1*7E
$GBGSV,1,1,04,27,38,302,38,28,80,352,40,33,63,117,41,42,28,045,34,3*7B
$GBGSV,1,1,04,27,38,302,42,28,80,352,43,33,63,117,41,42,28,045,40,5*70
$GBGSV,1,1,03,27,38,302,42,33,63,117,43,42,28,045,41,6*46
$GBGSV,2,1,07,27,38,302,43,28,80,352,43,06,67,052,42,09,81,194,43,8*7F
$GBGSV,2,2,07,13,,,43,33,63,117,41,42,28,045,43,8*70
$GBGSV,1,1,01,09,81,194,43,B*3F
$GAGSV,1,1,04,09,29,075,37,34,67,313,41,36,45,063,39,30,41,258,37,1*71
$GAGSV,1,1,04,09,29,075,43,34,67,313,43,36,45,063,41,30,41,258,37,2*7C
$GAGSV,2,1,05,09,29,075,41,34,67,313,44,36,45,063,42,06,19,050,34,5*7E
$GAGSV,2,2,05,30,41,258,38,5*46
$GAGSV,2,1,05,09,29,075,36,34,67,313,41,36,45,063,40,06,19,050,35,7*7A
$GAGSV,2,2,05,30,41,258,33,7*4F
$GQGSV,1,1,01,03,,,35,1*61
$GQGSV,1,1,01,03,,,39,6*6A
$GQGSV,1,1,01,03,,,40,8*6A
#PPPNAVA,97,GPS,FINE,2424,18773000,0,0,18,11;INSUFFICIENT_OBS,NONE,0.00000000000,0.00000000000,-17.0000,17.0000,WGS84,0.0000,0.0000,0.0000,"",0.000,0.000,0,0,0,0,0,00,00,00*77a87e8e
$GNRMC,051236.00,A,2959.95580714,N,14959.90557517,E,0.122,299.3,210626,2.2,E,A,C*4F
$GNGGA,051236.00,2959.95580714,N,14959.90557517,E,1,08,1.7,1817.6641,M,-40.0300,M,,*66
$GNGSA,M,3,09,30,34,36,,,,,,,,,2.9,1.7,2.3,3*3B
$GNGSA,M,3,27,28,33,42,,,,,,,,,2.9,1.7,2.3,4*3D
$GPGSV,1,1,04,05,61,050,42,18,41,289,40,21,28,049,38,29,82,228,42,1*6A
$GPGSV,1,1,04,05,61,050,39,18,41,289,32,21,28,049,31,29,82,228,42,4*6F
$GPGSV,1,1,04,05,61,050,37,18,41,289,40,26,17,301,35,29,82,228,41,6*65
$GPGSV,1,1,02,18,41,289,41,26,17,301,40,8*61
$GPGSV,1,1,01,18,41,289,39,9*58
$GBGSV,1,1,01,B*04
$GBGSV,2,1,07,27,38,302,42,28,80,352,42,06,67,052,41,09,81,194,41,1*77
$GBGSV,2,2,07,13,,,42,33,63,117,43,42,28,045,39,1*77
$GBGSV,1,1,04,27,38,302,38,28,80,352,40,33,63,117,40,42,28,045,36,3*78
$GBGSV,1,1,04,27,38,302,41,28,80,352,42,33,63,117,41,42,28,045,40,5*72
$GBGSV,1,1,03,27,38,302,42,33,63,117,41,42,28,045,42,6*47
$GBGSV,2,1,07,27,38,302,44,28,80,352,43,06,67,052,42,09,81,194,43,8*78
$GBGSV,2,2,07,13,,,42,33,63,117,42,42,28,045,44,8*75
$GBGSV,1,1,01,09,81,194,42,B*3E
$GAGSV,2,1,05,09,29,075,38,34,67,313,42,36,45,063,39,06,19,050,37,1*7D
$GAGSV,2,2,05,30,41,258,35,1*4F
$GAGSV,2,1,05,09,29,075,43,34,67,313,44,36,45,063,41,06,19,050,38,2*74
$GAGSV,2,2,05,30,41,258,37,2*4E
$GAGSV,2,1,05,09,29,075,41,34,67,313,45,36,45,063,42,06,19,050,35,5*7E
$GAGSV,2,2,05,30,41,258,39,5*47
$GAGSV,2,1,05,09,29,075,36,34,67,313,41,36,45,063,40,06,19,050,35,7*7A
$GAGSV,2,2,05,30,41,258,35,7*49
$GQGSV,1,1,01,03,,,33,1*67
$GQGSV,1,1,01,03,,,40,6*64
$GQGSV,1,1,01,03,,,40,8*6A
#PPPNAVA,97,GPS,FINE,2424,18774000,0,0,18,11;INSUFFICIENT_OBS,NONE,0.00000000000,0.00000000000,-17.0000,17.0000,WGS84,0.0000,0.0000,0.0000,"",0.000,0.000,0,0,0,0,0,00,00,00*0a3e5e2a
$GNRMC,051237.00,A,2959.96168101,N,14959.91152247,E,0.110,182.2,210626,2.2,E,A,C*46
$GNGGA,051237.00,2959.96168101,N,14959.91152247,E,1,08,1.7,1817.5271,M,-40.0300,M,,*62
$GNGSA,M,3,09,30,34,36,,,,,,,,,2.9,1.7,2.3,3*3B
$GNGSA,M,3,27,28,33,42,,,,,,,,,2.9,1.7,2.3,4*3D
$GPGSV,2,1,05,05,61,050,41,18,41,289,41,21,28,049,38,26,17,301,35,1*63
$GPGSV,2,2,05,29,82,228,42,1*5E
$GPGSV,1,1,04,05,61,050,39,18,41,289,33,21,28,049,31,29,82,228,42,4*6E
$GPGSV,1,1,04,05,61,050,37,18,41,289,41,26,17,301,35,29,82,228,41,6*64
$GPGSV,1,1,02,18,41,289,41,26,17,301,40,8*61
$GPGSV,1,1,01,18,41,289,40,9*56
$GBGSV,1,1,01,B*04
$GBGSV,2,1,07,27,38,302,42,28,80,352,42,06,67,052,41,09,81,194,40,1*76
$GBGSV,2,2,07,13,,,42,33,63,117,43,42,28,045,39,1*77
$GBGSV,1,1,04,27,38,302,38,28,80,352,40,33,63,117,41,42,28,045,37,3*78
$GBGSV,1,1,04,27,38,302,41,28,80,352,42,33,63,117,41,42,28,045,40,5*72
$GBGSV,1,1,04,27,38,302,43,28,80,352,43,33,63,117,41,42,28,045,42,6*70
$GBGSV,2,1,07,27,38,302,44,28,80,352,43,06,67,052,42,09,81,194,43,8*78
$GBGSV,2,2,07,13,,,42,33,63,117,42,42,28,045,44,8*75
$GBGSV,1,1,01,09,81,194,42,B*3E
$GAGSV,2,1,05,09,29,075,37,34,67,313,42,36,45,063,39,06,19,050,39,1*7C
$GAGSV,2,2,05,30,41,258,36,1*4C
$GAGSV,2,1,05,09,29,075,43,34,67,313,44,36,45,063,41,06,19,050,39,2*75
$GAGSV,2,2,05,30,41,258,37,2*4E
$GAGSV,2,1,05,09,29,075,41,34,67,313,45,36,45,063,42,06,19,050,36,5*7D
$GAGSV,2,2,05,30,41,258,38,5*46
$GAGSV,2,1,05,09,29,075,36,34,67,313,41,36,45,063,40,06,19,050,33,7*7C
$GAGSV,2,2,05,30,41,258,36,7*4A
$GQGSV,1,1,01,03,,,33,1*67
$GQGSV,1,1,01,03,,,40,6*64
$GQGSV,1,1,01,03,,,41,8*6B
#PPPNAVA,97,GPS,FINE,2424,18775000,0,0,18,11;INSUFFICIENT_OBS,NONE,0.00000000000,0.00000000000,-17.0000,17.0000,WGS84,0.0000,0.0000,0.0000,"",0.000,0.000,0,0,0,0,0,00,00,00*5da989bd
$GNRMC,051238.00,A,2959.96021847,N,14959.91294297,E,0.486,3.7,210626,2.2,E,A,C*4D
$GNGGA,051238.00,2959.96021847,N,14959.91294297,E,1,08,1.7,1817.4280,M,-40.0300,M,,*61
$GNGSA,M,3,09,30,34,36,,,,,,,,,2.9,1.7,2.3,3*3B
$GNGSA,M,3,27,28,33,42,,,,,,,,,2.9,1.7,2.3,4*3D
$GPGSV,2,1,05,05,61,050,41,18,41,289,41,21,28,049,39,26,17,301,34,1*63
$GPGSV,2,2,05,29,82,228,42,1*5E
$GPGSV,2,1,05,05,61,050,38,18,41,289,34,21,28,049,32,26,17,301,34,4*61
$GPGSV,2,2,05,29,82,228,42,4*5B
$GPGSV,1,1,04,05,61,050,37,18,41,289,40,26,17,301,35,29,82,228,41,6*65
$GPGSV,1,1,02,18,41,289,41,26,17,301,40,8*61
$GPGSV,1,1,01,18,41,289,41,9*57
$GBGSV,1,1,01,B*04
$GBGSV,2,1,07,27,38,302,42,28,80,352,42,06,67,052,41,09,81,194,41,1*77
$GBGSV,2,2,07,13,,,42,33,63,117,43,42,28,045,39,1*77
$GBGSV,1,1,04,27,38,302,39,28,80,352,40,33,63,117,41,42,28,045,38,3*76
$GBGSV,1,1,04,27,38,302,41,28,80,352,42,33,63,117,41,42,28,045,40,5*72
$GBGSV,1,1,04,27,38,302,43,28,80,352,42,33,63,117,40,42,28,045,42,6*70
$GBGSV,2,1,07,27,38,302,44,28,80,352,43,06,67,052,42,09,81,194,43,8*78
$GBGSV,2,2,07,13,,,43,33,63,117,42,42,28,045,44,8*74
$GBGSV,1,1,01,09,81,194,42,B*3E
$GAGSV,2,1,05,09,29,075,37,34,67,313,42,36,45,063,39,06,19,050,38,1*7D
$GAGSV,2,2,05,30,41,258,36,1*4C
$GAGSV,2,1,05,09,29,075,43,34,67,313,44,36,45,063,41,06,19,050,38,2*74
$GAGSV,2,2,05,30,41,258,37,2*4E
$GAGSV,2,1,05,09,29,075,41,34,67,313,45,36,45,063,42,06,19,050,36,5*7D
$GAGSV,2,2,05,30,41,258,38,5*46
$GAGSV,2,1,05,09,29,075,36,34,67,313,41,36,45,063,40,06,19,050,33,7*7C
$GAGSV,2,2,05,30,41,258,36,7*4A
$GQGSV,1,1,01,03,,,33,1*67
$GQGSV,1,1,01,03,,,40,6*64
$GQGSV,1,1,01,03,,,41,8*6B
#PPPNAVA,97,GPS,FINE,2424,18776000,0,0,18,11;INSUFFICIENT_OBS,NONE,0.00000000000,0.00000000000,-17.0000,17.0000,WGS84,0.0000,0.0000,0.0000,"",0.000,0.000,0,0,0,0,0,00,00,00*a511f104
$GNRMC,051239.00,A,2959.96679335,N,14959.90759317,E,0.452,12.3,210626,2.2,E,A,C*78
$GNGGA,051239.00,2959.96679335,N,14959.90759317,E,1,08,1.7,1817.3967,M,-40.0301,M,,*6D
$GNGSA,M,3,09,30,34,36,,,,,,,,,2.9,1.7,2.3,3*3B
$GNGSA,M,3,27,28,33,42,,,,,,,,,2.9,1.7,2.3,4*3D
$GPGSV,2,1,05,05,61,050,41,18,41,289,41,21,28,049,39,26,17,301,35,1*62
$GPGSV,2,2,05,29,82,228,42,1*5E
$GPGSV,2,1,05,05,61,050,39,18,41,289,33,21,28,049,32,26,17,301,34,4*67
$GPGSV,2,2,05,29,82,228,42,4*5B
$GPGSV,1,1,04,05,61,050,36,18,41,289,40,26,17,301,36,29,82,228,41,6*67
$GPGSV,1,1,02,18,41,289,41,26,17,301,41,8*60
$GPGSV,1,1,01,18,41,289,40,9*56
$GLGSV,1,1,03,66,46,051,39,82,61,351,38,81,45,080,40,1*42
$GLGSV,1,1,03,66,46,051,40,82,61,351,40,81,45,080,39,3*4F
$GBGSV,1,1,01,B*04
$GBGSV,2,1,07,27,38,302,42,28,80,352,42,06,67,052,41,09,81,194,40,1*76
$GBGSV,2,2,07,13,,,42,33,63,117,43,42,28,045,39,1*77
$GBGSV,1,1,04,27,38,302,39,28,80,352,40,33,63,117,41,42,28,045,38,3*76
$GBGSV,1,1,04,27,38,302,41,28,80,352,41,33,63,117,40,42,28,045,40,5*70
$GBGSV,1,1,04,27,38,302,43,28,80,352,43,33,63,117,40,42,28,045,42,6*71
$GBGSV,2,1,07,27,38,302,44,28,80,352,43,06,67,052,42,09,81,194,43,8*78
$GBGSV,2,2,07,13,,,43,33,63,117,42,42,28,045,44,8*74
$GBGSV,1,1,01,09,81,194,42,B*3E
$GAGSV,2,1,05,09,29,075,38,34,67,313,42,36,45,063,39,06,19,050,38,1*72
$GAGSV,2,2,05,30,41,258,36,1*4C
$GAGSV,2,1,05,09,29,075,43,34,67,313,44,36,45,063,41,06,19,050,39,2*75
$GAGSV,2,2,05,30,41,258,37,2*4E
$GAGSV,2,1,05,09,29,075,41,34,67,313,45,36,45,063,42,06,19,050,36,5*7D
$GAGSV,2,2,05,30,41,258,39,5*47
$GAGSV,2,1,05,09,29,075,36,34,67,313,41,36,45,063,40,06,19,050,34,7*7B
$GAGSV,2,2,05,30,41,258,36,7*4A
$GQGSV,1,1,01,03,,,33,1*67
$GQGSV,1,1,01,03,,,40,6*64
$GQGSV,1,1,01,03,,,41,8*6B
#PPPNAVA,97,GPS,FINE,2424,18777000,0,0,18,11;INSUFFICIENT_OBS,NONE,0.00000000000,0.00000000000,-17.0000,17.0000,WGS84,0.0000,0.0000,0.0000,"",0.000,0.000,0,0,0,0,0,00,00,00*f2862693
$GNRMC,051240.00,A,2959.97130485,N,14959.90178980,E,0.051,48.0,210626,2.2,E,A,C*7B
$GNGGA,051240.00,2959.97130485,N,14959.90178980,E,1,09,1.7,1817.3428,M,-40.0301,M,,*62
$GNGSA,M,3,06,09,30,34,36,,,,,,,,2.8,1.7,2.2,3*3D
$GNGSA,M,3,27,28,33,42,,,,,,,,,2.8,1.7,2.2,4*3D
$GPGSV,2,1,05,05,61,050,41,18,41,289,38,21,28,049,38,26,17,301,35,1*6D
$GPGSV,2,2,05,29,82,228,42,1*5E
$GPGSV,2,1,05,05,61,050,39,18,41,289,31,21,28,049,30,26,17,301,34,4*67
$GPGSV,2,2,05,29,82,228,42,4*5B
$GPGSV,1,1,04,05,61,050,37,18,41,289,39,26,17,301,36,29,82,228,42,6*6B
$GPGSV,1,1,02,18,41,289,41,26,17,301,40,8*61
$GPGSV,1,1,01,18,41,289,38,9*59
$GLGSV,1,1,03,66,46,051,39,82,61,351,38,81,45,080,40,1*42
$GLGSV,1,1,03,66,46,051,41,82,61,351,40,81,45,080,39,3*4E
$GBGSV,1,1,01,B*04
$GBGSV,2,1,07,27,38,302,42,28,80,352,41,06,67,052,41,09,81,194,41,1*74
$GBGSV,2,2,07,13,,,41,33,63,117,43,42,28,045,38,1*75
$GBGSV,1,1,04,27,38,302,39,28,80,352,39,33,63,117,41,42,28,045,38,3*78
$GBGSV,1,1,04,27,38,302,41,28,80,352,41,33,63,117,40,42,28,045,38,5*7F
$GBGSV,1,1,04,27,38,302,42,28,80,352,42,33,63,117,39,42,28,045,41,6*7C
$GBGSV,2,1,07,27,38,302,43,28,80,352,43,06,67,052,42,09,81,194,43,8*7F
$GBGSV,2,2,07,13,,,42,33,63,117,41,42,28,045,43,8*71
$GBGSV,1,1,01,09,81,194,42,B*3E
$GAGSV,2,1,05,09,29,075,38,34,67,313,42,36,45,063,39,06,19,050,36,1*7C
$GAGSV,2,2,05,30,41,258,35,1*4F
$GAGSV,2,1,05,09,29,075,44,34,67,313,44,36,45,063,40,06,19,050,39,2*73
$GAGSV,2,2,05,30,41,258,40,2*4E
$GAGSV,2,1,05,09,29,075,41,34,67,313,44,36,45,063,42,06,19,050,35,5*7F
$GAGSV,2,2,05,30,41,258,40,5*49
$GAGSV,2,1,05,09,29,075,37,34,67,313,41,36,45,063,40,06,19,050,37,7*79
$GAGSV,2,2,05,30,41,258,37,7*4B
$GQGSV,1,1,01,03,,,32,1*66
$GQGSV,1,1,01,03,,,41,6*65
$GQGSV,1,1,01,03,,,40,8*6A
#PPPNAVA,97,GPS,FINE,2424,18778000,0,0,18,12;INSUFFICIENT_OBS,NONE,0.00000000000,0.00000000000,-17.0000,17.0000,WGS84,0.0000,0.0000,0.0000,"",0.000,0.000,0,0,0,0,0,00,00,00*45681528
$GNRMC,051241.00,A,2959.95699291,N,14959.90874368,E,0.163,203.9,210626,2.2,E,A,C*42
$GNGGA,051241.00,2959.95699291,N,14959.90874368,E,1,12,1.5,1817.1398,M,-40.0301,M,,*69
$GNGSA,M,3,66,81,82,,,,,,,,,,2.6,1.5,2.1,2*3E
$GNGSA,M,3,06,09,30,34,36,,,,,,,,2.6,1.5,2.1,3*32
$GNGSA,M,3,27,28,33,42,,,,,,,,,2.6,1.5,2.1,4*32
$GPGSV,2,1,05,05,61,050,41,18,41,289,37,21,28,049,38,26,17,301,34,1*63
$GPGSV,2,2,05,29,82,228,42,1*5E
$GPGSV,2,1,05,05,61,050,39,18,41,289,31,21,28,049,30,26,17,301,34,4*67
$GPGSV,2,2,05,29,82,228,42,4*5B
$GPGSV,1,1,04,05,61,050,38,18,41,289,39,26,17,301,36,29,82,228,42,6*64
$GPGSV,1,1,02,18,41,289,41,26,17,301,40,8*61
$GPGSV,1,1,01,18,41,289,37,9*56
$GLGSV,1,1,03,66,46,051,39,82,61,351,38,81,45,080,40,1*42
$GLGSV,1,1,03,66,46,051,40,82,61,351,40,81,45,080,40,3*41
$GBGSV,1,1,01,B*04
$GBGSV,2,1,07,27,38,302,41,28,80,352,41,06,67,052,41,09,81,194,40,1*76
$GBGSV,2,2,07,13,,,41,33,63,117,42,42,28,045,37,1*7B
$GBGSV,1,1,04,27,38,302,39,28,80,352,39,33,63,117,41,42,28,045,37,3*77
$GBGSV,1,1,04,27,38,302,41,28,80,352,42,33,63,117,40,42,28,045,36,5*72
$GBGSV,1,1,04,27,38,302,42,28,80,352,42,33,63,117,39,42,28,045,40,6*7D
$GBGSV,2,1,07,27,38,302,42,28,80,352,43,06,67,052,42,09,81,194,43,8*7E
$GBGSV,2,2,07,13,,,41,33,63,117,41,42,28,045,43,8*72
$GBGSV,1,1,01,09,81,194,43,B*3F
$GAGSV,2,1,05,09,29,075,39,34,67,313,41,36,45,063,39,06,19,050,35,1*7D
$GAGSV,2,2,05,30,41,258,35,1*4F
$GAGSV,2,1,05,09,29,075,44,34,67,313,44,36,45,063,40,06,19,050,39,2*73
$GAGSV,2,2,05,30,41,258,41,2*4F
$GAGSV,2,1,05,09,29,075,41,34,67,313,44,36,45,063,42,06,19,050,35,5*7F
$GAGSV,2,2,05,30,41,258,40,5*49
$GAGSV,2,1,05,09,29,075,37,34,67,313,41,36,45,063,40,06,19,050,37,7*79
$GAGSV,2,2,05,30,41,258,37,7*4B
$GQGSV,1,1,01,03,,,32,1*66
$GQGSV,1,1,01,03,,,41,6*65
$GQGSV,1,1,01,03,,,40,8*6A
#PPPNAVA,97,GPS,FINE,2424,18779000,0,0,18,12;INSUFFICIENT_OBS,NONE,0.00000000000,0.00000000000,-17.0000,17.0000,WGS84,0.0000,0.0000,0.0000,"",0.000,0.000,0,0,0,0,0,00,00,00*12ffc2bf
$GNRMC,051242.00,A,2959.94989150,N,14959.90692524,E,0.039,181.3,210626,2.2,E,A,C*45
$GNGGA,051242.00,2959.94989150,N,14959.90692524,E,1,12,1.5,1816.8984,M,-40.0301,M,,*6C
$GNGSA,M,3,66,81,82,,,,,,,,,,2.6,1.5,2.1,2*3E
$GNGSA,M,3,06,09,30,34,36,,,,,,,,2.6,1.5,2.1,3*32
$GNGSA,M,3,27,28,33,42,,,,,,,,,2.6,1.5,2.1,4*32
$GPGSV,2,1,05,05,61,050,41,18,41,289,38,21,28,049,36,26,17,301,33,1*65
$GPGSV,2,2,05,29,82,228,42,1*5E
$GPGSV,2,1,05,05,61,050,39,18,41,289,31,21,28,049,29,26,17,301,32,4*69
$GPGSV,2,2,05,29,82,228,42,4*5B
$GPGSV,1,1,04,05,61,050,39,18,41,289,39,26,17,301,35,29,82,228,43,6*67
$GPGSV,1,1,02,18,41,289,40,26,17,301,39,8*6E
$GPGSV,1,1,01,18,41,289,38,9*59
$GLGSV,1,1,03,66,46,051,38,82,61,351,38,81,45,080,40,1*43
$GLGSV,1,1,03,66,46,051,40,82,61,351,40,81,45,080,40,3*41
$GBGSV,1,1,01,B*04
$GBGSV,2,1,07,27,38,302,40,28,80,352,41,06,67,052,41,09,81,194,40,1*77
$GBGSV,2,2,07,13,,,41,33,63,117,42,42,28,045,36,1*7A
$GBGSV,1,1,04,27,38,302,39,28,80,352,40,33,63,117,41,42,28,045,36,3*78
$GBGSV,1,1,04,27,38,302,41,28,80,352,42,33,63,117,40,42,28,045,35,5*71
$GBGSV,1,1,04,27,38,302,42,28,80,352,42,33,63,117,39,42,28,045,39,6*73
$GBGSV,2,1,07,27,38,302,42,28,80,352,43,06,67,052,42,09,81,194,43,8*7E
$GBGSV,2,2,07,13,,,42,33,63,117,41,42,28,045,42,8*70
$GBGSV,1,1,01,09,81,194,43,B*3F
$GAGSV,2,1,05,09,29,075,39,34,67,313,41,36,45,063,39,06,19,050,34,1*7C
$GAGSV,2,2,05,30,41,258,37,1*4D
$GAGSV,2,1,05,09,29,075,44,34,67,313,45,36,45,063,39,06,19,050,38,2*7D
$GAGSV,2,2,05,30,41,258,41,2*4F
$GAGSV,2,1,05,09,29,075,41,34,67,313,44,36,45,063,42,06,19,050,34,5*7E
$GAGSV,2,2,05,30,41,258,40,5*49
$GAGSV,2,1,05,09,29,075,35,34,67,313,40,36,45,063,39,06,19,050,36,7*75
$GAGSV,2,2,05,30,41,258,37,7*4B
$GQGSV,1,1,01,03,,,33,1*67
$GQGSV,1,1,01,03,,,40,6*64
$GQGSV,1,1,01,03,,,40,8*6A
#PPPNAVA,97,GPS,FINE,2424,18780000,0,0,18,13;INSUFFICIENT_OBS,NONE,0.00000000000,0.00000000000,-17.0000,17.0000,WGS84,0.0000,0.0000,0.0000,"",0.000,0.000,0,0,0,0,0,00,00,00*3d664963
$GNRMC,051243.00,A,2959.92578375,N,14959.90597964,E,0.223,279.5,210626,2.2,E,A,C*40
$GNGGA,051243.00,2959.92578375,N,14959.90597964,E,1,11,1.5,1816.6837,M,-40.0301,M,,*66
$GNGSA,M,3,66,81,82,,,,,,,,,,2.7,1.5,2.2,2*3C
$GNGSA,M,3,09,30,34,36,,,,,,,,,2.7,1.5,2.2,3*36
$GNGSA,M,3,27,28,33,42,,,,,,,,,2.7,1.5,2.2,4*30
$GPGSV,2,1,05,05,61,050,41,18,41,289,40,21,28,049,36,26,17,301,35,1*6C
$GPGSV,2,2,05,29,82,228,42,1*5E
$GPGSV,1,1,04,05,61,050,39,18,41,289,34,21,28,049,30,29,82,228,42,4*68
$GPGSV,1,1,04,05,61,050,38,18,41,289,41,26,17,301,36,29,82,228,42,6*6B
$GPGSV,1,1,02,18,41,289,42,26,17,301,40,8*62
$GPGSV,1,1,01,18,41,289,40,9*56
$GLGSV,1,1,03,66,46,051,39,82,61,351,38,81,45,080,39,1*4C
$GLGSV,1,1,03,66,46,051,40,82,61,351,40,81,45,080,39,3*4F
$GBGSV,1,1,01,B*04
$GBGSV,2,1,07,27,38,302,41,28,80,352,42,06,67,052,41,09,81,194,40,1*75
$GBGSV,2,2,07,13,,,42,33,63,117,43,42,28,045,38,1*76
$GBGSV,1,1,04,27,38,302,38,28,80,352,40,33,63,117,41,42,28,045,36,3*79
$GBGSV,1,1,04,27,38,302,41,28,80,352,42,33,63,117,41,42,28,045,40,5*72
$GBGSV,1,1,04,27,38,302,42,28,80,352,42,33,63,117,40,42,28,045,41,6*72
$GBGSV,2,1,07,27,38,302,42,28,80,352,44,06,67,052,43,09,81,194,43,8*78
$GBGSV,2,2,07,13,,,43,33,63,117,42,42,28,045,44,8*74
$GBGSV,1,1,01,09,81,194,42,B*3E
$GAGSV,2,1,05,09,29,075,38,34,67,313,41,36,45,063,39,06,19,050,36,1*7F
$GAGSV,2,2,05,30,41,258,37,1*4D
$GAGSV,2,1,05,09,29,075,43,34,67,313,44,36,45,063,41,06,19,050,38,2*74
$GAGSV,2,2,05,30,41,258,40,2*4E
$GAGSV,2,1,05,09,29,075,41,34,67,313,44,36,45,063,42,06,19,050,35,5*7F
$GAGSV,2,2,05,30,41,258,39,5*47
$GAGSV,2,1,05,09,29,075,36,34,67,313,40,36,45,063,40,06,19,050,34,7*7A
$GAGSV,2,2,05,30,41,258,37,7*4B
$GQGSV,1,1,01,03,,,33,1*67
$GQGSV,1,1,01,03,,,39,6*6A
$GQGSV,1,1,01,03,,,40,8*6A
#PPPNAVA,97,GPS,FINE,2424,18781000,0,0,18,12;INSUFFICIENT_OBS,NONE,0.00000000000,0.00000000000,-17.0000,17.0000,WGS84,0.0000,0.0000,0.0000,"",0.000,0.000,0,0,0,0,0,00,00,00*d5120017
$GNRMC,051244.00,A,2959.92336103,N,14959.90892172,E,0.096,123.0,210626,2.2,E,A,C*4A
$GNGGA,051244.00,2959.92336103,N,14959.90892172,E,1,11,1.5,1816.4442,M,-40.0301,M,,*65
$GNGSA,M,3,66,81,82,,,,,,,,,,2.7,1.5,2.2,2*3C
$GNGSA,M,3,09,30,34,36,,,,,,,,,2.7,1.5,2.2,3*36
$GNGSA,M,3,27,28,33,42,,,,,,,,,2.7,1.5,2.2,4*30
$GPGSV,2,1,07,05,61,050,42,18,41,289,41,21,28,049,36,26,17,301,33,1*6A
$GPGSV,2,2,07,29,82,228,42,23,19,226,30,15,35,155,32,1*52
$GPGSV,2,1,05,05,61,050,39,18,41,289,34,21,28,049,30,26,17,301,33,4*65
$GPGSV,2,2,05,29,82,228,42,4*5B
$GPGSV,1,1,04,05,61,050,38,18,41,289,42,26,17,301,37,29,82,228,42,6*69
$GPGSV,1,1,03,18,41,289,43,26,17,301,40,23,19,226,31,8*5F
$GPGSV,1,1,02,18,41,289,40,23,19,226,27,9*6F
$GLGSV,1,1,03,66,46,051,39,82,61,351,38,81,45,080,39,1*4C
$GLGSV,1,1,03,66,46,051,40,82,61,351,40,81,45,080,39,3*4F
$GBGSV,1,1,01,B*04
$GBGSV,2,1,07,27,38,302,40,28,80,352,42,06,67,052,40,09,81,194,40,1*75
$GBGSV,2,2,07,13,,,42,33,63,117,43,42,28,045,38,1*76
$GBGSV,1,1,04,27,38,302,39,28,80,352,40,33,63,117,41,42,28,045,35,3*7B
$GBGSV,1,1,04,27,38,302,41,28,80,352,42,33,63,117,42,42,28,045,41,5*70
$GBGSV,1,1,04,27,38,302,42,28,80,352,42,33,63,117,41,42,28,045,43,6*71
$GBGSV,2,1,07,27,38,302,42,28,80,352,44,06,67,052,43,09,81,194,43,8*78
$GBGSV,2,2,07,13,,,43,33,63,117,42,42,28,045,44,8*74
$GBGSV,1,1,01,09,81,194,42,B*3E
$GAGSV,2,1,05,09,29,075,37,34,67,313,41,36,45,063,39,06,19,050,37,1*71
$GAGSV,2,2,05,30,41,258,38,1*42
$GAGSV,2,1,05,09,29,075,42,34,67,313,44,36,45,063,41,06,19,050,38,2*75
$GAGSV,2,2,05,30,41,258,40,2*4E
$GAGSV,2,1,05,09,29,075,41,34,67,313,43,36,45,063,42,06,19,050,34,5*79
$GAGSV,2,2,05,30,41,258,38,5*46
$GAGSV,2,1,05,09,29,075,36,34,67,313,40,36,45,063,40,06,19,050,31,7*7F
$GAGSV,2,2,05,30,41,258,36,7*4A
$GQGSV,1,1,01,03,,,34,1*60
$GQGSV,1,1,01,03,,,39,6*6A
$GQGSV,1,1,01,03,,,40,8*6A
#PPPNAVA,97,GPS,FINE,2424,18782000,0,0,18,12;INSUFFICIENT_OBS,NONE,0.00000000000,0.00000000000,-17.0000,17.0000,WGS84,0.0000,0.0000,0.0000,"",0.000,0.000,0,0,0,0,0,00,00,00*2daa78ae
$GNRMC,051245.00,A,2959.91546491,N,14959.92407188,E,0.571,302.1,210626,2.2,E,A,C*4C
$GNGGA,051245.00,2959.91546491,N,14959.92407188,E,1,12,1.5,1816.2905,M,-40.0301,M,,*64
$GNGSA,M,3,66,81,82,,,,,,,,,,2.6,1.5,2.1,2*3E
$GNGSA,M,3,09,30,34,36,,,,,,,,,2.6,1.5,2.1,3*34
$GNGSA,M,3,09,27,28,33,42,,,,,,,,2.6,1.5,2.1,4*3B
$GPGSV,2,1,07,05,61,050,41,18,41,289,40,21,28,049,38,26,17,301,34,1*61
$GPGSV,2,2,07,29,82,228,42,23,19,226,29,15,35,155,32,1*5A
$GPGSV,2,1,05,05,61,050,39,18,41,289,33,21,28,049,30,26,17,301,34,4*65
$GPGSV,2,2,05,29,82,228,42,4*5B
$GPGSV,1,1,04,05,61,050,37,18,41,289,40,26,17,301,37,29,82,228,42,6*64
$GPGSV,1,1,03,18,41,289,41,26,17,301,40,23,19,226,33,8*5F
$GPGSV,1,1,02,18,41,289,40,23,19,226,27,9*6F
$GLGSV,1,1,03,66,46,051,39,82,61,352,38,81,45,080,39,1*4F
$GLGSV,1,1,03,66,46,051,41,82,61,352,40,81,45,080,39,3*4D
$GBGSV,1,1,01,B*04
$GBGSV,2,1,07,27,38,302,41,28,80,352,42,06,67,052,41,09,81,194,40,1*75
$GBGSV,2,2,07,13,,,41,33,63,117,43,42,28,045,39,1*74
$GBGSV,1,1,04,27,38,302,39,28,80,352,40,33,63,117,41,42,28,045,38,3*76
$GBGSV,1,1,04,27,38,302,41,28,80,352,41,33,63,117,42,42,28,045,40,5*72
$GBGSV,1,1,04,27,38,302,43,28,80,352,42,33,63,117,40,42,28,045,42,6*70
$GBGSV,2,1,07,27,38,302,43,28,80,352,43,06,67,052,43,09,81,194,43,8*7E
$GBGSV,2,2,07,13,,,43,33,63,117,42,42,28,045,44,8*74
$GBGSV,1,1,01,09,81,194,41,B*3D
$GAGSV,2,1,05,09,29,075,38,34,67,313,41,36,45,063,38,06,19,050,37,1*7F
$GAGSV,2,2,05,30,41,258,37,1*4D
$GAGSV,2,1,05,09,29,075,44,34,67,313,44,36,45,063,40,06,19,050,38,2*72
$GAGSV,2,2,05,30,41,258,39,2*40
$GAGSV,2,1,05,09,29,075,41,34,67,313,44,36,45,063,41,06,19,050,35,5*7C
$GAGSV,2,2,05,30,41,258,38,5*46
$GAGSV,2,1,05,09,29,075,35,34,67,313,41,36,45,063,40,06,19,050,34,7*78
$GAGSV,2,2,05,30,41,258,36,7*4A
$GQGSV,1,1,01,03,,,33,1*67
$GQGSV,1,1,01,03,,,39,6*6A
$GQGSV,1,1,01,03,,,40,8*6A
#PPPNAVA,97,GPS,FINE,2424,18783000,0,0,18,12;INSUFFICIENT_OBS,NONE,0.00000000000,0.00000000000,-17.0000,17.0000,WGS84,0.0000,0.0000,0.0000,"",0.000,0.000,0,0,0,0,0,00,00,00*7a3daf39
$GNRMC,051246.00,A,2959.91237453,N,14959.90633066,E,1.406,277.2,210626,2.2,E,A,C*46
$GNGGA,051246.00,2959.91237453,N,14959.90633066,E,1,12,1.5,1816.1896,M,-40.0300,M,,*67
$GNGSA,M,3,66,81,82,,,,,,,,,,2.6,1.5,2.1,2*3E
$GNGSA,M,3,09,30,34,36,,,,,,,,,2.6,1.5,2.1,3*34
$GNGSA,M,3,09,27,28,33,42,,,,,,,,2.6,1.5,2.1,4*3B
$GPGSV,2,1,07,05,61,050,41,18,41,289,40,21,28,049,39,26,17,301,34,1*60
$GPGSV,2,2,07,29,82,228,42,23,19,226,33,15,35,155,30,1*53
$GPGSV,2,1,05,05,61,050,39,18,41,289,32,21,28,049,31,26,17,301,34,4*65
$GPGSV,2,2,05,29,82,228,42,4*5B
$GPGSV,1,1,04,05,61,050,38,18,41,289,40,26,17,301,36,29,82,228,43,6*6B
$GPGSV,1,1,03,18,41,289,41,26,17,301,38,23,19,226,35,8*56
$GPGSV,1,1,02,18,41,289,39,23,19,226,33,9*64
$GLGSV,1,1,03,66,46,051,40,82,61,352,39,81,45,080,39,1*40
$GLGSV,1,1,03,66,46,051,39,82,61,352,41,81,45,080,38,3*42
$GBGSV,1,1,01,B*04
$GBGSV,2,1,07,27,38,302,41,28,80,352,42,06,67,052,41,09,81,194,39,1*7B
$GBGSV,2,2,07,13,,,41,33,63,117,42,42,28,045,37,1*7B
$GBGSV,1,1,04,27,38,302,39,28,80,352,40,33,63,117,41,42,28,045,36,3*78
$GBGSV,1,1,04,27,38,302,41,28,80,352,42,33,63,117,43,42,28,045,38,5*7F
$GBGSV,1,1,04,27,38,302,42,28,80,352,43,33,63,117,43,42,28,045,40,6*71
$GBGSV,2,1,07,27,38,302,43,28,80,352,43,06,67,052,41,09,81,194,43,8*7C
$GBGSV,2,2,07,13,,,44,33,63,117,42,42,28,045,44,8*73
$GBGSV,1,1,01,09,81,194,42,B*3E
$GAGSV,2,1,05,09,29,075,38,34,67,313,41,36,45,063,38,06,19,050,35,1*7D
$GAGSV,2,2,05,30,41,258,35,1*4F
$GAGSV,2,1,05,09,29,075,43,34,67,313,44,36,45,063,41,06,19,050,36,2*7A
$GAGSV,2,2,05,30,41,258,40,2*4E
$GAGSV,2,1,05,09,29,075,42,34,67,313,44,36,45,063,41,06,19,050,33,5*79
$GAGSV,2,2,05,30,41,258,40,5*49
$GAGSV,2,1,05,09,29,075,36,34,67,313,41,36,45,063,39,06,19,050,34,7*75
$GAGSV,2,2,05,30,41,258,36,7*4A
$GQGSV,1,1,01,03,,,33,1*67
$GQGSV,1,1,01,03,,,40,6*64
$GQGSV,1,1,01,03,,,40,8*6A
#PPPNAVA,97,GPS,FINE,2424,18784000,0,0,18,12;INSUFFICIENT_OBS,NONE,0.00000000000,0.00000000000,-17.0000,17.0000,WGS84,0.0000,0.0000,0.0000,"",0.000,0.000,0,0,0,0,0,00,00,00*07ab8f9d
$GNRMC,051247.00,A,2959.89344457,N,14959.95194704,E,0.767,227.0,210626,2.2,E,A,C*41
$GNGGA,051247.00,2959.89344457,N,14959.95194704,E,1,12,1.5,1816.0786,M,-40.0300,M,,*6D
$GNGSA,M,3,66,81,82,,,,,,,,,,2.6,1.5,2.1,2*3E
$GNGSA,M,3,09,30,34,36,,,,,,,,,2.6,1.5,2.1,3*34
$GNGSA,M,3,09,27,28,33,42,,,,,,,,2.6,1.5,2.1,4*3B
$GPGSV,2,1,07,05,61,050,41,18,41,289,40,21,28,049,39,26,17,301,33,1*67
$GPGSV,2,2,07,29,82,228,42,23,19,226,30,15,35,155,29,1*58
$GPGSV,2,1,05,05,61,050,40,18,41,289,32,21,28,049,33,26,17,301,31,4*6C
$GPGSV,2,2,05,29,82,228,42,4*5B
$GPGSV,2,1,05,05,61,050,39,18,41,289,40,26,17,301,34,29,82,228,43,6*6A
$GPGSV,2,2,05,23,19,226,32,6*58
$GPGSV,1,1,03,18,41,289,43,26,17,301,37,23,19,226,34,8*5A
$GPGSV,1,1,02,18,41,289,39,23,19,226,30,9*67
$GLGSV,1,1,03,66,46,051,41,82,61,352,39,81,45,080,40,1*4F
$GLGSV,1,1,03,66,46,051,40,82,61,352,40,81,45,080,41,3*43
$GBGSV,1,1,01,B*04
$GBGSV,2,1,07,27,38,302,41,28,80,352,42,06,67,052,41,09,81,194,40,1*75
$GBGSV,2,2,07,13,,,41,33,63,117,41,42,28,045,39,1*76
$GBGSV,1,1,04,27,38,302,38,28,80,352,40,33,63,117,40,42,28,045,36,3*78
$GBGSV,1,1,04,27,38,302,40,28,80,352,42,33,63,117,42,42,28,045,41,5*71
$GBGSV,1,1,04,27,38,302,41,28,80,352,43,33,63,117,43,42,28,045,42,6*70
$GBGSV,2,1,07,27,38,302,42,28,80,352,43,06,67,052,42,09,81,194,42,8*7F
$GBGSV,2,2,07,13,,,44,33,63,117,44,42,28,045,43,8*72
$GBGSV,1,1,01,09,81,194,43,B*3F
$GAGSV,2,1,05,09,29,075,38,34,67,313,42,36,45,063,41,06,19,050,37,1*72
$GAGSV,2,2,05,30,41,258,37,1*4D
$GAGSV,2,1,05,09,29,075,43,34,67,313,44,36,45,063,43,06,19,050,38,2*76
$GAGSV,2,2,05,30,41,258,40,2*4E
$GAGSV,2,1,05,09,29,075,41,34,67,313,44,36,45,063,42,06,19,050,34,5*7E
$GAGSV,2,2,05,30,41,258,40,5*49
$GAGSV,2,1,05,09,29,075,38,34,67,313,41,36,45,063,40,06,19,050,33,7*72
$GAGSV,2,2,05,30,41,258,36,7*4A
$GQGSV,1,1,01,03,,,35,1*61
$GQGSV,1,1,01,03,,,40,6*64
$GQGSV,1,1,01,03,,,40,8*6A
#PPPNAVA,97,GPS,FINE,2424,18785000,0,0,18,12;INSUFFICIENT_OBS,NONE,0.00000000000,0.00000000000,-17.0000,17.0000,WGS84,0.0000,0.0000,0.0000,"",0.000,0.000,0,0,0,0,0,00,00,00*503c580a
$GNRMC,051248.00,A,2959.89374262,N,14959.96060438,E,2.151,292.6,210626,2.2,E,A,C*41
$GNGGA,051248.00,2959.89374262,N,14959.96060438,E,1,12,1.5,1815.9185,M,-40.0300,M,,*6B
$GNGSA,M,3,66,81,82,,,,,,,,,,2.6,1.5,2.1,2*3E
$GNGSA,M,3,09,30,34,36,,,,,,,,,2.6,1.5,2.1,3*34
$GNGSA,M,3,09,27,28,33,42,,,,,,,,2.6,1.5,2.1,4*3B
$GPGSV,2,1,07,05,61,050,41,18,41,289,41,21,28,049,37,26,17,301,34,1*6F
$GPGSV,2,2,07,29,82,228,42,23,19,226,30,15,35,155,27,1*56
$GPGSV,1,1,04,05,61,050,40,18,41,289,34,21,28,049,31,29,82,228,42,4*67
$GPGSV,2,1,06,05,61,050,40,18,41,289,41,26,17,301,34,29,82,228,43,6*66
$GPGSV,2,2,06,23,19,226,32,15,35,155,30,6*6B
$GPGSV,1,1,03,18,41,289,44,26,17,301,39,23,19,226,32,8*55
$GPGSV,1,1,02,18,41,289,40,23,19,226,29,9*61
$GLGSV,1,1,03,66,46,051,39,82,61,352,38,81,45,080,38,1*4E
$GLGSV,1,1,03,66,46,051,40,82,61,352,40,81,45,080,40,3*42
$GBGSV,1,1,01,B*04
$GBGSV,2,1,08,02,41,175,34,27,38,302,41,28,80,352,42,06,67,052,40,1*70
$GBGSV,2,2,08,09,81,194,41,13,,,42,33,63,117,40,42,28,045,38,1*43
$GBGSV,1,1,04,27,38,302,38,28,80,352,40,33,63,117,38,42,28,045,35,3*74
$GBGSV,1,1,04,27,38,302,41,28,80,352,42,33,63,117,42,42,28,045,40,5*71
$GBGSV,1,1,04,27,38,302,42,28,80,352,42,33,63,117,43,42,28,045,42,6*72
$GBGSV,2,1,07,27,38,302,42,28,80,352,43,06,67,052,42,09,81,194,42,8*7F
$GBGSV,2,2,07,13,,,44,33,63,117,45,42,28,045,40,8*70
$GBGSV,1,1,01,09,81,194,42,B*3E
$GAGSV,2,1,05,09,29,075,36,34,67,313,41,36,45,063,39,06,19,050,34,1*73
$GAGSV,2,2,05,30,41,258,40,1*4D
$GAGSV,2,1,05,09,29,075,41,34,67,313,44,36,45,063,41,06,19,050,36,2*78
$GAGSV,2,2,05,30,41,258,41,2*4F
$GAGSV,2,1,05,09,29,075,39,34,67,313,44,36,45,063,41,06,19,050,32,5*74
$GAGSV,2,2,05,30,41,258,42,5*4B
$GAGSV,2,1,05,09,29,075,35,34,67,313,41,36,45,063,38,06,19,050,31,7*72
$GAGSV,2,2,05,30,41,258,37,7*4B
$GQGSV,1,1,01,03,,,36,1*62
$GQGSV,1,1,01,03,,,38,6*6B
$GQGSV,1,1,01,03,,,39,8*64
#PPPNAVA,97,GPS,FINE,2424,18786000,0,0,18,12;INSUFFICIENT_OBS,NONE,0.00000000000,0.00000000000,-17.0000,17.0000,WGS84,0.0000,0.0000,0.0000,"",0.000,0.000,0,0,0,0,0,00,00,00*a88420b3
$GNRMC,051249.00,A,2959.89386028,N,14959.96003164,E,0.128,323.7,210626,2.2,E,A,C*4E
$GNGGA,051249.00,2959.89386028,N,14959.96003164,E,1,13,1.5,1815.4775,M,-40.0300,M,,*67
$GNGSA,M,3,66,81,82,,,,,,,,,,2.5,1.5,2.0,2*3C
$GNGSA,M,3,06,09,30,34,36,,,,,,,,2.5,1.5,2.0,3*30
$GNGSA,M,3,09,27,28,33,42,,,,,,,,2.5,1.5,2.0,4*39
$GPGSV,2,1,07,05,61,050,41,18,41,289,41,21,28,049,38,26,17,301,31,1*65
$GPGSV,2,2,07,29,82,228,42,23,19,226,30,15,35,155,27,1*56
$GPGSV,2,1,05,05,61,050,40,18,41,289,33,21,28,049,30,26,17,301,30,4*6F
$GPGSV,2,2,05,29,82,228,42,4*5B
$GPGSV,2,1,06,05,61,050,41,18,41,289,41,26,17,301,35,29,82,228,43,6*66
$GPGSV,2,2,06,23,19,226,30,15,35,155,34,6*6D
$GPGSV,1,1,03,18,41,289,43,26,17,301,39,23,19,226,32,8*52
$GPGSV,1,1,01,18,41,289,40,9*56
$GLGSV,1,1,03,66,46,051,38,82,61,352,37,81,45,080,39,1*41
$GLGSV,1,1,03,66,46,051,41,82,61,352,40,81,45,080,39,3*4D
$GBGSV,1,1,01,B*04
$GBGSV,2,1,08,02,41,175,37,27,38,302,40,28,80,352,42,06,67,052,39,1*7C
$GBGSV,2,2,08,09,81,194,41,13,,,42,33,63,117,41,42,28,045,38,1*42
$GBGSV,1,1,04,27,38,302,37,28,80,352,40,33,63,117,39,42,28,045,36,3*79
$GBGSV,1,1,04,27,38,302,40,28,80,352,42,33,63,117,42,42,28,045,41,5*71
$GBGSV,1,1,04,27,38,302,40,28,80,352,43,33,63,117,44,42,28,045,41,6*75
$GBGSV,2,1,08,02,41,175,38,27,38,302,42,28,80,352,43,06,67,052,43,8*74
$GBGSV,2,2,08,09,81,194,42,13,,,45,33,63,117,45,42,28,045,39,8*4A
$GBGSV,1,1,01,09,81,194,42,B*3E
$GAGSV,2,1,05,09,29,075,37,34,67,313,41,36,45,063,39,06,19,050,35,1*73
$GAGSV,2,2,05,30,41,258,40,1*4D
$GAGSV,2,1,05,09,29,075,40,34,67,313,43,36,45,063,42,06,19,050,35,2*7E
$GAGSV,2,2,05,30,41,258,41,2*4F
$GAGSV,2,1,05,09,29,075,37,34,67,313,43,36,45,063,41,06,19,050,33,5*7C
$GAGSV,2,2,05,30,41,258,42,5*4B
$GAGSV,2,1,05,09,29,075,33,34,67,313,40,36,45,063,38,06,19,050,30,7*74
$GAGSV,2,2,05,30,41,258,38,7*44
$GQGSV,1,1,01,03,,,36,1*62
$GQGSV,1,1,01,03,,,38,6*6B
$GQGSV,1,1,01,03,,,40,8*6A
#PPPNAVA,97,GPS,FINE,2424,18787000,0,0,18,13;INSUFFICIENT_OBS,NONE,0.00000000000,0.00000000000,-17.0000,17.0000,WGS84,0.0000,0.0000,0.0000,"",0.000,0.000,0,0,0,0,0,00,00,00*40f069c7
$GNRMC,051250.00,A,2959.90051726,N,14959.92930117,E,0.190,109.7,210626,2.2,E,A,C*4E
$GNGGA,051250.00,2959.90051726,N,14959.92930117,E,1,13,1.5,1815.1022,M,-40.0300,M,,*6E
$GNGSA,M,3,66,81,82,,,,,,,,,,2.5,1.5,2.0,2*3C
$GNGSA,M,3,06,09,30,34,36,,,,,,,,2.5,1.5,2.0,3*30
$GNGSA,M,3,09,27,28,33,42,,,,,,,,2.5,1.5,2.0,4*39
$GPGSV,2,1,07,05,61,050,39,18,42,289,41,21,28,049,37,26,17,301,32,1*65
$GPGSV,2,2,07,29,82,226,43,23,19,226,31,15,35,155,23,1*5C
$GPGSV,2,1,05,05,61,050,40,18,42,289,32,21,28,049,29,26,17,301,30,4*65
$GPGSV,2,2,05,29,82,226,42,4*55
$GPGSV,2,1,06,05,61,050,41,18,42,289,41,26,17,301,35,29,82,226,42,6*6A
$GPGSV,2,2,06,23,19,226,30,15,35,155,35,6*6C
$GPGSV,1,1,03,18,42,289,42,26,17,301,39,23,19,226,30,8*52
$GPGSV,1,1,01,18,42,289,39,9*5B
$GLGSV,1,1,03,66,46,051,37,82,61,352,40,81,45,080,39,1*4E
$GLGSV,1,1,03,66,46,051,41,82,61,352,38,81,45,080,40,3*4C
$GBGSV,1,1,01,B*04
$GBGSV,2,1,08,02,41,175,37,27,38,302,39,28,80,352,43,06,67,052,39,1*73
$GBGSV,2,2,08,09,81,195,42,13,,,42,33,63,117,41,42,28,045,37,1*4F
$GBGSV,1,1,04,27,38,302,37,28,80,352,41,33,63,117,40,42,28,045,37,3*77
$GBGSV,1,1,04,27,38,302,40,28,80,352,41,33,63,117,43,42,28,045,43,5*71
$GBGSV,1,1,04,27,38,302,39,28,80,352,43,33,63,117,44,42,28,045,43,6*79
$GBGSV,2,1,08,02,41,175,35,27,38,302,41,28,80,352,42,06,67,052,44,8*7C
$GBGSV,2,2,08,09,81,195,40,13,,,45,33,63,117,46,42,28,045,40,8*44
$GBGSV,1,1,01,09,81,195,43,B*3E
$GAGSV,2,1,05,09,29,075,39,34,67,313,41,36,45,063,40,06,19,050,35,1*73
$GAGSV,2,2,05,30,41,258,39,1*43
$GAGSV,2,1,05,09,29,075,42,34,67,313,43,36,45,063,43,06,19,050,34,2*7C
$GAGSV,2,2,05,30,41,258,42,2*4C
$GAGSV,2,1,05,09,29,075,38,34,67,313,43,36,45,063,43,06,19,050,32,5*70
$GAGSV,2,2,05,30,41,258,40,5*49
$GAGSV,2,1,05,09,29,075,32,34,67,313,40,36,45,063,34,06,19,050,31,7*78
$GAGSV,2,2,05,30,41,258,36,7*4A
$GQGSV,1,1,01,03,,,37,1*63
$GQGSV,1,1,01,03,,,40,6*64
$GQGSV,1,1,01,03,,,41,8*6B
#PPPNAVA,97,GPS,FINE,2424,18788000,0,0,18,12;INSUFFICIENT_OBS,NONE,0.00000000000,0.00000000000,-17.0000,17.0000,WGS84,0.0000,0.0000,0.0000,"",0.000,0.000,0,0,0,0,0,00,00,00*53a861fb
$GNRMC,051251.00,A,2959.89558486,N,14959.91422342,E,0.124,157.9,210626,2.2,E,A,C*47
$GNGGA,051251.00,2959.89558486,N,14959.91422342,E,1,13,1.5,1814.8420,M,-40.0299,M,,*62
$GNGSA,M,3,66,81,82,,,,,,,,,,2.5,1.5,2.0,2*3C
$GNGSA,M,3,06,09,30,34,36,,,,,,,,2.5,1.5,2.0,3*30
$GNGSA,M,3,09,27,28,33,42,,,,,,,,2.5,1.5,2.0,4*39
$GPGSV,2,1,06,05,61,050,40,18,42,289,41,21,28,049,36,26,17,301,31,1*68
$GPGSV,2,2,06,29,82,226,43,23,19,226,31,1*6F
$GPGSV,1,1,04,05,61,050,40,18,42,289,32,26,17,301,30,29,82,226,42,4*69
$GPGSV,2,1,05,05,61,050,41,18,42,289,41,26,17,301,35,29,82,226,42,6*69
$GPGSV,2,2,05,23,19,226,33,6*59
$GPGSV,1,1,03,18,42,289,41,26,17,301,40,23,19,226,31,8*5E
$GPGSV,1,1,01,18,42,289,39,9*5B
$GLGSV,1,1,03,66,46,051,37,82,61,352,39,81,45,080,39,1*40
$GLGSV,1,1,03,66,46,051,41,82,61,352,39,81,45,080,40,3*4D
$GBGSV,1,1,01,B*04
$GBGSV,2,1,08,02,41,175,37,27,38,302,40,28,80,352,43,06,67,052,39,1*7D
$GBGSV,2,2,08,09,81,195,42,13,,,42,33,63,117,41,42,28,045,36,1*4E
$GBGSV,1,1,04,27,38,302,38,28,80,352,41,33,63,117,39,42,28,045,36,3*77
$GBGSV,1,1,04,27,38,302,41,28,80,352,41,33,63,117,42,42,28,045,42,5*70
$GBGSV,1,1,04,27,38,302,40,28,80,352,43,33,63,117,43,42,28,045,42,6*71
$GBGSV,2,1,08,02,41,175,35,27,38,302,41,28,80,352,42,06,67,052,44,8*7C
$GBGSV,2,2,08,09,81,195,40,13,,,45,33,63,117,45,42,28,045,40,8*47
$GBGSV,1,1,01,09,81,195,43,B*3E
$GAGSV,2,1,05,09,29,075,38,34,67,313,41,36,45,063,40,06,19,050,35,1*72
$GAGSV,2,2,05,30,41,258,40,1*4D
$GAGSV,2,1,05,09,29,075,41,34,67,313,43,36,45,063,42,06,19,050,34,2*7E
$GAGSV,2,2,05,30,41,258,42,2*4C
$GAGSV,2,1,05,09,29,075,37,34,67,313,43,36,45,063,43,06,19,050,31,5*7C
$GAGSV,2,2,05,30,41,258,40,5*49
$GAGSV,2,1,05,09,29,075,31,34,67,313,40,36,45,063,36,06,19,050,31,7*79
$GAGSV,2,2,05,30,41,258,36,7*4A
$GQGSV,1,1,01,03,,,37,1*63
$GQGSV,1,1,01,03,,,39,6*6A
$GQGSV,1,1,01,03,,,40,8*6A
#PPPNAVA,97,GPS,FINE,2424,18789000,0,0,18,13;INSUFFICIENT_OBS,NONE,0.00000000000,0.00000000000,-17.0000,17.0000,WGS84,0.0000,0.0000,0.0000,"",0.000,0.000,0,0,0,0,0,00,00,00*bbdc288f
$GNRMC,051252.00,A,2959.89372085,N,14959.91339945,E,0.189,160.1,210626,2.2,E,A,C*46
$GNGGA,051252.00,2959.89372085,N,14959.91339945,E,1,13,1.5,1814.6455,M,-40.0299,M,,*64
$GNGSA,M,3,66,81,82,,,,,,,,,,2.5,1.5,2.0,2*3C
$GNGSA,M,3,06,09,30,34,36,,,,,,,,2.5,1.5,2.0,3*30
$GNGSA,M,3,09,27,28,33,42,,,,,,,,2.5,1.5,2.0,4*39
$GPGSV,2,1,06,05,61,050,41,18,42,289,41,21,28,049,37,26,17,301,29,1*61
$GPGSV,2,2,06,29,82,226,42,23,19,226,34,1*6B
$GPGSV,2,1,05,05,61,050,40,18,42,289,34,21,28,049,28,26,17,301,29,4*6A
$GPGSV,2,2,05,29,82,226,42,4*55
$GPGSV,2,1,05,05,61,050,41,18,42,289,41,26,17,301,35,29,82,226,43,6*68
$GPGSV,2,2,05,23,19,226,33,6*59
$GPGSV,1,1,03,18,42,289,41,26,17,301,40,23,19,226,34,8*5B
$GPGSV,1,1,02,18,42,289,40,23,19,226,36,9*6C
$GLGSV,1,1,03,66,46,051,37,82,61,352,37,81,45,080,39,1*4E
$GLGSV,1,1,03,66,46,051,38,82,61,352,40,81,45,080,38,3*42
$GBGSV,1,1,01,B*04
$GBGSV,2,1,08,02,41,175,39,27,38,302,40,28,80,352,42,06,67,052,39,1*72
$GBGSV,2,2,08,09,81,195,41,13,,,42,33,63,117,41,42,28,045,38,1*43
$GBGSV,1,1,04,27,38,302,38,28,80,352,40,33,63,117,39,42,28,045,37,3*77
$GBGSV,1,1,04,27,38,302,41,28,80,352,42,33,63,117,43,42,28,045,41,5*71
$GBGSV,1,1,04,27,38,302,40,28,80,352,43,33,63,117,45,42,28,045,42,6*77
$GBGSV,2,1,08,02,41,175,38,27,38,302,42,28,80,352,42,06,67,052,44,8*72
$GBGSV,2,2,08,09,81,195,41,13,,,45,33,63,117,45,42,28,045,38,8*49
$GBGSV,1,1,01,09,81,195,43,B*3E
$GAGSV,2,1,05,09,29,075,38,34,67,313,41,36,45,063,39,06,19,050,34,1*7D
$GAGSV,2,2,05,30,41,258,41,1*4C
$GAGSV,2,1,05,09,29,075,40,34,67,313,43,36,45,063,42,06,19,050,31,2*7A
$GAGSV,2,2,05,30,41,258,42,2*4C
$GAGSV,2,1,05,09,29,075,35,34,67,313,44,36,45,063,40,06,19,050,32,5*79
$GAGSV,2,2,05,30,41,258,43,5*4A
$GAGSV,2,1,05,09,29,075,32,34,67,313,39,36,45,063,37,06,19,050,33,7*77
$GAGSV,2,2,05,30,41,258,38,7*44
$GQGSV,1,1,01,03,,,35,1*61
$GQGSV,1,1,01,03,,,39,6*6A
$GQGSV,1,1,01,03,,,40,8*6A
#PPPNAVA,97,GPS,FINE,2424,18790000,0,0,18,13;INSUFFICIENT_OBS,NONE,0.00000000000,0.00000000000,-17.0000,17.0000,WGS84,0.0000,0.0000,0.0000,"",0.000,0.000,0,0,0,0,0,00,00,00*535ad853
